version: 1
creator: callgrind-3.11.0
pid: 27141
cmd:  ./a.out q 3 6
part: 1


desc: I1 cache: 
desc: D1 cache: 
desc: LL cache: 

desc: Timerange: Basic block 0 - 394370033
desc: Trigger: Program termination

positions: line
events: Ir
summary: 2764374940


ob=(2) ???
fl=(16) ???
fn=(216) 0x0000000004a28530
0 6

fn=(82) 0x0000000004000ab0
0 1
cob=(1) /lib/x86_64-linux-gnu/ld-2.23.so
cfi=(17) /build/glibc-Cl5G7W/glibc-2.23/elf/dl-minimal.c
cfn=(84) free
calls=1 120 
0 6

fn=(444) 0x0000000004a28570
0 1
cob=(3) /lib/x86_64-linux-gnu/libc-2.23.so
cfi=(100) /build/glibc-Cl5G7W/glibc-2.23/stdlib/cxa_finalize.c
cfn=(446) __cxa_finalize
calls=1 31 
0 56

fn=(458) 0x0000000004a287b8
0 3

fn=(274) 0x0000000000400738
0 6

fn=(396) 0x0000000004c498a0
0 1
cob=(3)
cfi=(73) /build/glibc-Cl5G7W/glibc-2.23/malloc/malloc.c
cfn=(300) malloc
calls=1 2902 
0 436

fn=(436) 0x0000000000401664
0 3

ob=(4) /usr/lib/valgrind/vgpreload_core-amd64-linux.so
fl=(55) ???
fn=(220) 0x0000000000000650
0 17

fn=(438) 0x0000000000000610
0 8
cob=(2)
cfi=(16)
cfn=(444)
calls=1 0 
0 57
0 1
cfn=(452) 0x0000000000000580
calls=1 0 
0 9
0 3

fn=(452)
0 9

ob=(1)
fl=(30) /build/glibc-Cl5G7W/glibc-2.23/elf/dl-tls.c
fn=(88) _dl_count_modids
115 2
+1 2

fn=(148) _dl_next_tls_modid
49 1
+3 4
+48 1
+4 2

fn=(164) _dl_allocate_tls_storage
354 3
+2 1
+11 3
cfi=(17)
cfn=(44) __libc_memalign
calls=1 52 
* 76
* 1
+1 2
+7 2
+4 1
-57 1
+57 296
-58 2
+1 2
cfi=(17)
cfn=(36) calloc
calls=1 103 
* 38
* 1
+1 2
+3 1
+6 2
+64 5

fn=(202) _dl_allocate_tls_init
450 2
-1 7
+5 1
+6 3
-6 1
+6 1
-4 1
+16 1
-15 3
+20 6
+6 16
+3 1
+1 2
+6 3
+3 1
-2 2
+2 4
+1 1
+3 1
-1 3
+4 2
+1 4
+2 2
+9 6
cfi=(25) /build/glibc-Cl5G7W/glibc-2.23/string/../sysdeps/x86_64/memcpy.S
cfn=(70) mempcpy
calls=1 61 
* 23
* 4
cfi=(26) /build/glibc-Cl5G7W/glibc-2.23/string/../sysdeps/x86_64/multiarch/../memset.S
cfn=(72) memset
calls=1 53 
* 30
* 2
-38 3
+52 2
+2 1
+1 8

fn=(200) _dl_add_to_slotinfo
890 3
+9 1
-9 1
+6 2
+8 5
+41 1
+1 3
+1 4

fn=(162) _dl_determine_tlsoffset
138 7
+6 3
+3 2
+36 3
+2 10
+3 1
-1 1
+5 2
-5 3
+3 3
+2 5
+16 3
+2 2
-2 2
+2 2
+10 1
-37 2
+25 1
-25 4
+40 4
+1 1
+51 1
+1 8

fl=(66) /build/glibc-Cl5G7W/glibc-2.23/elf/../sysdeps/x86_64/dl-trampoline.h
fn=(260) _dl_runtime_resolve_avx
64 1
+3 1
+2 1
+2 1
+3 1
+1 1
+1 1
+1 1
+1 1
+1 1
+1 1
+1 1
+1 1
+1 1
+1 1
+1 1
+1 1
+1 1
+1 1
+5 1
+1 1
+1 1
+1 1
+14 1
+1 1
+1 1
cfi=(67) /build/glibc-Cl5G7W/glibc-2.23/elf/../elf/dl-runtime.c
cfn=(262) _dl_fixup
calls=1 -46 
* 955
+1 1
+5 1
+1 1
+1 1
+1 1
+13 1
+1 1
+1 1
+1 1
+1 1
+1 1
+1 1
+1 1
+1 1
+1 1
+1 1
+1 1
+1 1
+1 1
+1 1
+2 1
+2 1
+4 1
+3 1
cob=(3)
cfi=(68) /build/glibc-Cl5G7W/glibc-2.23/csu/../csu/libc-start.c
cfn=(266) (below main)
calls=1 -25 
* 2764283050

fn=(261) _dl_runtime_resolve_avx'2
64 8
+3 8
+2 8
+2 8
+3 8
+1 8
+1 8
+1 8
+1 8
+1 8
+1 8
+1 8
+1 8
+1 8
+1 8
+1 8
+1 8
+1 8
+1 8
+5 8
+1 8
+1 8
+1 8
+14 8
+1 8
+1 8
cfi=(67)
cfn=(262)
calls=8 -46 
* 7024
+1 8
+5 8
+1 8
+1 8
+1 8
+13 8
+1 8
+1 8
+1 8
+1 8
+1 8
+1 8
+1 8
+1 8
+1 8
+1 8
+1 8
+1 8
+1 8
+1 8
+2 8
+2 8
+4 8
+3 8
cob=(3)
cfi=(95) /build/glibc-Cl5G7W/glibc-2.23/libio/putchar.c
cfn=(406) putchar
calls=1 25 
* 180
cob=(3)
cfi=(86) /build/glibc-Cl5G7W/glibc-2.23/libio/fputc.c
cfn=(376) fputc
calls=1 32 
* 726
cob=(3)
cfi=(73)
cfn=(362) free
calls=1 2934 
* 100
cob=(3)
cfi=(83) /build/glibc-Cl5G7W/glibc-2.23/stdlib/atoi.c
cfn=(346) atoi
calls=1 26 
* 117
cob=(3)
cfi=(82) /build/glibc-Cl5G7W/glibc-2.23/ctype/../include/ctype.h
cfn=(340) __ctype_b_loc
calls=1 38 
* 3
cob=(3)
cfi=(81) /build/glibc-Cl5G7W/glibc-2.23/string/../sysdeps/x86_64/strlen.S
cfn=(334) strlen
calls=1 -93 
* 16
cfi=(77) /build/glibc-Cl5G7W/glibc-2.23/elf/dl-open.c
cfn=(316) _dl_find_dso_for_object
calls=1 +23 
* 32
cob=(3)
cfi=(73)
cfn=(300)
calls=1 2902 
* 58955

fl=(36) /build/glibc-Cl5G7W/glibc-2.23/io/../sysdeps/unix/sysv/linux/wordsize-64/fxstat.c
fn=(120) _fxstat
34 3
-1 3
+1 3
+1 18
+4 3

fl=(43) /build/glibc-Cl5G7W/glibc-2.23/elf/dl-cache.c
fn=(142) _dl_load_cache_lookup
185 9
+8 2
+3 3
+51 2
+9 1
+6 2
-6 4
+6 1
cfi=(24) /build/glibc-Cl5G7W/glibc-2.23/io/../sysdeps/unix/syscall-template.S
cfn=(68) access
calls=1 84 
* 9
+19 1
-19 1
+19 94
cfn=(146) _dl_cache_libcmp
calls=6 138 
* 443
* 29
-15 4
+15 14
cfn=(146)
calls=1 138 
* 71
* 7
-82 4
cfi=(34) /build/glibc-Cl5G7W/glibc-2.23/elf/dl-misc.c
cfn=(144) _dl_sysdep_read_whole_file
calls=1 45 
* 94
+8 1
-8 1
+8 4
+1 4
cfi=(14) /build/glibc-Cl5G7W/glibc-2.23/string/../sysdeps/x86_64/multiarch/../memcmp.S
cfn=(30) bcmp
calls=1 24 
* 38
* 2
+7 1
-3 1
+3 3
+3 1
+1 2
-1 1
+1 1
+1 4
cfi=(14)
cfn=(30)
calls=1 24 
* 32
* 2
+61 21
+16 2
+4 2
+8 3
cfi=(11) /build/glibc-Cl5G7W/glibc-2.23/string/../sysdeps/x86_64/strlen.S
cfn=(22) strlen
calls=1 66 
* 34
* 2
+1 1
-1 4
+1 2
cfi=(18) /build/glibc-Cl5G7W/glibc-2.23/string/../sysdeps/x86_64/multiarch/../memcpy.S
cfn=(46) memcpy
calls=1 61 
* 86
+1 2
cfi=(28) /build/glibc-Cl5G7W/glibc-2.23/string/strdup.c
cfn=(80) strdup
calls=1 40 
* 109
+1 8
-31 9

fn=(146)
138 21
+1 16
+2 70
+2 35
-2 35
+2 2
+6 1
+2 1
-1 1
-1 1
+1 1
+1 4
+2 5
+2 2
+6 68
+2 124
+4 28
+1 28
-29 56
+32 3
-7 12

fn=(206) _dl_unload_cache
322 4
-1 1
+3 2
cfi=(39) /build/glibc-Cl5G7W/glibc-2.23/misc/../sysdeps/unix/syscall-template.S
cfn=(208) munmap
calls=1 84 
* 5
+1 1
+2 2

fl=(22) /build/glibc-Cl5G7W/glibc-2.23/elf/dl-load.c
fn=(76) fillin_rpath
444 7
+2 1
-2 9
+4 3
cfi=(17)
cfn=(78) strsep
calls=1 -94 
* 238
* 3
cfi=(17)
cfn=(78)
calls=1 -94 
* 6
* 6
+7 2
+35 15
+1 8
+55 2
+2 2
cob=(2)
cfi=(16)
cfn=(82)
calls=1 0 
* 7
* 1
-39 2
+4 2
-1 4
cfi=(17)
cfn=(40) malloc
calls=1 94 
* 29
* 1
+3 1
-3 1
+3 2
+5 1
+1 2
-2 1
+2 1
cfi=(25)
cfn=(70)
calls=1 61 
* 31
+3 1
-3 1
+1 1
+2 1
+6 2
+1 1
-1 2
+1 13
+1 11
-1 2
+3 2
+1 3
+7 1
+1 1
-1 2
383 3
cfi=(27) /build/glibc-Cl5G7W/glibc-2.23/string/../sysdeps/x86_64/multiarch/../strchr.S
cfn=(74) index
calls=1 24 
* 23
* 2
+4 2
cfi=(28)
cfn=(80)
calls=1 40 
* 94
* 1
+74 2
+5 2
cfi=(11)
cfn=(22)
calls=1 66 
* 16
+1 2
+7 6
+9 1
-4 3
+4 2
+26 2
+43 1
+3 9
-15 2
-9 2
-57 2

fn=(104) _dl_map_object
2189 21
+8 3
-8 6
+8 3
+1 12
+3 42
+5 49
+2 21
cfi=(34)
cfn=(106) _dl_name_match_p
calls=7 288 
* 992
* 14
+4 12
+1 18
+3 2
+2 8
cfi=(19) /build/glibc-Cl5G7W/glibc-2.23/string/../sysdeps/x86_64/multiarch/../strcmp.S
cfn=(54) strcmp
calls=2 144 
* 68
* 4
2500 24
2235 10
+9 2
-53 2
+53 4
+36 4
-2 2
+2 2
cfi=(27)
cfn=(74)
calls=2 24 
* 46
* 4
2431 2
383 3
cfi=(27)
cfn=(74)
calls=1 24 
* 47
* 2
+4 2
cfi=(28)
cfn=(80)
calls=1 40 
* 128
2432 1
-3 1
+3 2
+4 9
cfn=(108) open_verify.constprop.7
calls=1 1717 
* 299
+3 1
-3 1
+3 3
+12 3
+46 1
+1 3
-1 1
+1 9
cfn=(114) _dl_map_object_from_fd
calls=1 893 
* 1444
-1 1
+1 3
-1 1
+1 9
cfn=(114)
calls=1 893 
* 1789
* 6
2284 2
cfi=(11)
cfn=(22)
calls=1 66 
* 16
* 1
+2 1
-2 1
+2 1
+7 4
+35 2
+1 14
cfn=(138) open_path
calls=1 2040 
* 777
+6 2
-6 1
+6 3
666 1
2336 1
666 2
2423 2
+28 3
+2 4
2297 1
+5 1
-5 1
+5 1
+3 2
-3 1
+3 7
-3 3
666 1
2303 1
666 2
2358 1
-14 1
+14 1
+2 3
+4 2
cfi=(43)
cfn=(142)
calls=1 185 
* 1178
+2 1
-2 1
+2 1
+4 2
+8 3
+23 10
cfn=(108)
calls=1 1717 
* 370
+4 1
-4 1
+4 3
+1 2
-89 3
+1 8
666 1
2319 1
666 2

fn=(64) _dl_init_paths
689 1
+13 2
-13 8
+13 3
cfi=(23) /build/glibc-Cl5G7W/glibc-2.23/elf/dl-hwcaps.c
cfn=(66) _dl_important_hwcaps
calls=1 39 
* 398
+5 1
-5 1
+5 1
cfi=(17)
cfn=(40)
calls=1 94 
* 29
* 1
+1 1
-2 1
+2 2
+8 1
-1 1
+1 3
-1 3
+4 4
cfi=(17)
cfn=(40)
calls=1 94 
* 29
* 1
+2 1
-2 1
+2 1
+17 2
+9 2
-19 1
+11 1
-1 1
+3 1
+1 1
-15 2
+23 1
-9 1
+9 5
-3 17
cfi=(26)
cfn=(72)
calls=4 53 
* 60
+3 27
-14 3
+2 3
+1 3
+2 6
-3 3
+4 9
+4 3
-3 3
+3 3
+1 3
-4 9
+4 3
+14 1
-11 1
+6 1
+1 1
+5 1
-12 1
+12 1
+2 4
+2 3
+38 5
+6 3
cfi=(27)
cfn=(74)
calls=1 24 
* 23
* 2
+2 3
cfi=(11)
cfn=(22)
calls=1 66 
* 16
* 8
cfi=(18)
cfn=(46)
calls=1 61 
* 31
* 1
+17 133
+5 1
cfi=(17)
cfn=(40)
calls=1 94 
* 29
* 1
+1 1
-2 1
+2 1
+6 9
cfn=(76)
calls=1 444 
* 609
+4 5
+6 1
+4 8
-70 1
-2 1
+2 2
+14 2

fn=(114)
893 22
+10 2
-10 2
+10 2
-10 6
+10 2
cfi=(29) /build/glibc-Cl5G7W/glibc-2.23/elf/dl-debug.c
cfn=(86) _dl_debug_initialize
calls=2 50 
* 16
fi=(35) /build/glibc-Cl5G7W/glibc-2.23/elf/../sysdeps/posix/dl-fileid.h
37 6
fe=(22)
903 2
fi=(35)
37 2
cfi=(36)
cfn=(120)
calls=2 -3 
* 20
* 4
+4 2
fe=(22)
919 2
fi=(35)
40 2
+1 2
fe=(22)
919 29
+1 10
fi=(35)
49 12
fe=(22)
1465 16
937 4
+24 4
+10 4
+22 8
+32 4
904 2
1028 14
cfi=(15) /build/glibc-Cl5G7W/glibc-2.23/elf/dl-object.c
cfn=(32) _dl_new_object
calls=2 61 
* 882
+1 2
-1 2
+1 2
+11 4
+1 2
-1 2
+2 2
-1 2
+4 2
-1 4
-2 2
+2 4
+1 6
+1 2
+19 2
-2 2
+10 2
-8 12
+8 2
-8 6
+8 2
+87 2
+8 2
-8 8
+8 2
-8 6
-86 32
-1 136
+1 95
+6 4
+1 6
+1 2
+9 20
+5 32
+9 12
-1 12
+1 4
+1 8
+2 4
-2 4
+1 4
-1 4
+3 4
+4 4
-7 4
+2 4
+1 4
+4 4
+1 12
+4 6
-14 2
+14 12
+11 2
-11 6
-14 2
+14 12
+11 2
-44 2
+1 1
+46 3
+4 1
+1 1
+1 1
-1 2
+1 1
+3 3
+1 1
+3 1
-3 1
+7 4
+6 1
cfi=(30)
cfn=(148)
calls=1 49 
* 8
* 2
+1 1
+59 4
+1 6
+1 2
-6 4
+1 2
+8 6
1041 2
1229 2
1041 2
1229 2
+10 6
fi=(38) /build/glibc-Cl5G7W/glibc-2.23/elf/./dl-map-segments.h
56 4
fe=(22)
1239 6
fi=(38)
56 2
fe=(22)
1239 2
fi=(38)
56 2
fe=(22)
1239 4
fi=(38)
56 12
cfi=(37) /build/glibc-Cl5G7W/glibc-2.23/misc/../sysdeps/unix/sysv/linux/wordsize-64/mmap.c
cfn=(122) mmap
calls=2 -23 
* 70
+4 2
-4 2
+4 4
+3 4
+1 2
+2 2
-2 2
-1 2
+3 2
+10 4
fi=(40) /build/glibc-Cl5G7W/glibc-2.23/elf/./dl-load.h
+14 8
+1 6
+2 8
fi=(38)
+7 16
+6 2
+2 2
-2 2
+1 2
+2 2
-1 2
+1 2
-1 6
+8 4
+17 4
+12 4
-59 20
+2 4
+2 2
-2 4
+2 20
cfi=(37)
cfn=(122)
calls=2 -57 
* 62
* 6
fe=(22)
1251 8
+9 4
fi=(3) /build/glibc-Cl5G7W/glibc-2.23/elf/get-dynamic-info.h
39 2
fe=(22)
1260 2
fi=(3)
39 2
+6 2
-2 2
+2 4
+15 2
+5 2
+3 2
-1 2
-3 2
-3 36
+10 8
-26 24
+16 35
+10 35
-26 105
+26 2
-26 6
+2 90
+13 40
+2 8
+3 8
+13 4
+20 7
+1 8
+1 8
+1 8
+2 8
+5 8
+1 7
+1 8
+6 6
+5 4
+7 4
+1 6
+16 6
+5 1
+2 1
-2 1
+2 1
+2 2
+2 2
+3 6
+10 1
-8 4
+8 1
+5 2
+3 4
fe=(22)
1267 4
+15 6
+19 4
+2 10
+54 6
+1 2
+3 2
cfi=(24)
cfn=(132) close
calls=1 84 
* 5
* 2
cfi=(24)
cfn=(132)
calls=1 84 
* 5
* 4
+9 4
+2 6
+2 2
-2 2
+2 2
+16 4
cfi=(6) /build/glibc-Cl5G7W/glibc-2.23/elf/dl-lookup.c
cfn=(10) _dl_setup_hash
calls=2 956 
* 46
+4 4
+1 4
+17 4
+9 2
-5 6
+5 2
+10 4
+10 6
cfi=(15)
cfn=(48) _dl_add_to_namespace_list
calls=2 32 
* 82
+4 8
fi=(3)
68 8
+2 10
fe=(22)
1413 2
fi=(38)
119 4
+8 16
cfi=(26)
cfn=(72)
calls=2 -74 
* 283
* 8
-54 8
-1 12
cfi=(39)
cfn=(126) mprotect
calls=2 +12 
* 10
* 2
fi=(40)
+22 5
+1 11
+3 4
fi=(38)
+39 9
cfi=(37)
cfn=(122)
calls=1 33 
* 31
+3 3
fe=(22)
1255 2

fn=(108)
1717 66
+39 6
-39 18
+39 22
+31 24
cfi=(24)
cfn=(110) open
calls=6 84 
* 46
+2 6
-2 6
+2 8
+10 2
+1 4
+5 16
cfi=(24)
cfn=(112) read
calls=2 84 
* 10
+2 4
+2 2
+2 2
-2 4
+2 2
+6 4
+16 8
cfi=(14)
cfn=(30)
calls=2 24 
* 57
* 18
cfi=(14)
cfn=(30)
calls=2 24 
* 72
* 4
+74 4
+5 4
+2 8
+6 4
+11 4
+6 2
+1 2
-1 8
+1 2
-1 2
+1 4
+1 6
+20 106
+2 36
+4 8
+1 6
+12 14
+4 6
+5 1
+1 1
-13 4
cfi=(14)
cfn=(30)
calls=1 24 
* 25
* 8
cfi=(14)
cfn=(30)
calls=2 24 
* 60
* 6
+16 2
+3 7
+3 3
+1 5
-39 2
+67 20
-23 4
+23 28
1826 2
+7 4
cfi=(14)
cfn=(30)
calls=1 24 
* 24
* 2

fn=(138)
2040 8
+1 1
+6 1
-6 1
+6 1
+5 9
+52 1
-59 1
-1 1
+60 1
-52 8
+74 4
-62 1
-9 1
+9 1
+7 4
cfi=(25)
cfn=(70)
calls=1 61 
* 31
+1 1
-1 1
+1 5
+20 8
-20 15
+3 8
+5 8
-1 4
+1 8
-1 12
cfi=(25)
cfn=(70)
calls=4 61 
* 85
* 16
cfi=(25)
cfn=(70)
calls=4 61 
* 92
-1 4
+7 4
-7 4
+7 4
+3 36
cfn=(108)
calls=4 1717 
* 176
* 4
+2 20
+67 7
+7 1
-2 1
+2 3
+3 3
+14 1
-27 1
+27 7
-84 8
+1 36
+6 4
+2 4
-2 4
+2 8
-2 4
+2 4
cfi=(42) /build/glibc-Cl5G7W/glibc-2.23/io/../sysdeps/unix/sysv/linux/wordsize-64/xstat.c
cfn=(140) _xstat
calls=4 34 
* 49
* 8
+1 1
+2 1
-2 1
+2 7
+7 3
-7 3
+7 9
-30 3
+23 6

fl=(10) /build/glibc-Cl5G7W/glibc-2.23/elf/../sysdeps/unix/sysv/linux/x86_64/brk.c
fn=(18) brk
31 7
+8 1
-6 2
+7 1

fl=(41) /build/glibc-Cl5G7W/glibc-2.23/elf/dl-deps.c
fn=(134) _dl_map_object_deps
161 1
-1 1
+1 1
-1 4
+1 1
-1 2
+1 1
-1 2
+1 1
-1 2
+1 3
-15 1
+15 1
-17 1
+1 1
+1 1
+6 4
+26 1
-26 1
+26 7
-34 1
+2 1
+33 2
-33 1
-2 1
+2 2
-2 1
+1 1
+1 1
+6 3
+26 1
-26 1
+26 5
+4 1
+21 1
+1 1
-22 2
+19 1
-12 1
+15 1
-16 2
+13 1
317 9
217 1
-4 1
-4 1
+8 4
-4 3
-4 3
+8 3
+12 8
+2 2
+11 2
-5 2
-6 4
+5 2
+2 4
+1 4
+3 14
+50 6
+1 3
-51 192
+1 96
+6 10
cfi=(27)
cfn=(74)
calls=2 24 
* 70
* 4
+5 10
-3 2
+3 2
cfi=(32) /build/glibc-Cl5G7W/glibc-2.23/elf/dl-error.c
cfn=(96) _dl_catch_error
calls=2 -91 
* 5401
+2 6
+15 2
+2 4
+5 2
+6 2
+2 2
-8 4
+3 2
+1 2
+1 2
+1 2
+4 12
+7 138
459 12
+2 6
+2 6
cfi=(17)
cfn=(40)
calls=2 94 
* 58
* 2
+2 2
-2 2
+2 2
+4 8
-1 2
+1 2
cfi=(18)
cfn=(46)
calls=2 61 
* 41
+1 10
cfi=(18)
cfn=(46)
calls=2 61 
* 41
+4 2
-1 2
+5 22
+7 6
+1 1
+3 5
+10 4
cfi=(17)
cfn=(40)
calls=1 94 
* 29
* 1
+3 1
-3 1
+3 1
+5 6
+1 1
-1 3
+1 2
+8 2
+4 3
-4 1
-6 3
-2 3
+8 6
+4 9
-4 3
-6 9
+13 3
+51 3
+2 3
+42 1
-4 1
+5 2
-1 4
+1 2
cfi=(26)
cfn=(72)
calls=1 53 
* 15
* 1
-2 9
+7 1
-1 1
+1 1
-1 2
+7 1
-7 1
+7 2
-13 2
+7 2
-1 2
+1 2
-1 4
+7 2
-7 2
+7 6
+2 8
+1 4
-1 4
+1 3
+2 9
+1 6
+28 18
cfi=(26)
cfn=(72)
calls=2 53 
* 37
* 10
-6 3
-28 6
+31 10
-6 2
+16 2
+2 1
+1 1
-1 1
+2 3
+7 3
+3 3
+3 8
481 9
-1 4
+1 9
202 2
+27 8
-19 4
+8 25
+2 2
+2 8
+2 30
338 6
611 8
cfi=(18)
cfn=(46)
calls=1 61 
* 28
+2 1
-38 1
+38 1
209 2

fn=(136) openaux
60 4
+7 2
-4 22
cfi=(22)
cfn=(104)
calls=2 2189 
* 5243
* 2
+5 4

fl=(6)
fn=(176) check_match
92 680
+3 595
+12 510
+3 432
cfi=(19)
cfn=(54)
calls=23 +34 
* 900
* 46
+5 85
-1 85
+1 85
+2 168
+19 168
+1 672
+46 85
-7 85
+7 425
-18 2
+2 1
+1 4
-1 5
-29 252
cfi=(19)
cfn=(54)
calls=84 +6 
* 2016
* 252

fn=(10)
956 12
+4 4
+4 8
+2 4
-1 4
+3 12
+1 4
+1 4
+3 4
-3 4
+7 4
-4 4
-1 4
+3 4
+2 4
-7 4
+7 4
+1 4

fn=(172) _dl_lookup_symbol_x
806 1001
568 91
806 364
568 455
+1 91
-1 91
+1 273
-1 273
+1 1121
-1 1121
+1 3363
-1 3545
808 91
+4 91
+4 91
-8 91
+1 182
+7 259
+7 91
-2 91
+2 91
-2 91
+6 91
-7 91
+7 182
-7 546
+15 6
-8 30
+2 1274
cfn=(174) do_lookup_x
calls=91 355 
* 34344
+3 273
+26 182
+22 85
+1 595
+31 85
+9 425
+14 255
+3 340
+5 85
+2 728
-85 42
+16 6
+1 12
+59 2

fn=(174)
355 637
+1 91
-1 455
+48 91
-30 91
-11 91
+41 91
+7 182
-7 182
-30 364
+37 364
-44 182
+3 182
-3 380
+3 380
+4 574
+4 558
+4 558
+6 837
+8 279
-4 279
+1 279
+3 558
+1 837
+3 279
+1 558
+2 558
+8 279
-8 279
+8 2790
-99 194
553 1396
+1 66
cfi=(34)
cfn=(106)
calls=33 288 
* 3523
* 99
+3 588
+3 6
+1 728
-92 170
+50 640
+4 30
+12 170
+1 85
+1 170
413 534
+2 178
+2 1157
+13 261
-10 860
+2 170
+1 425
-1 85
+1 595
-1 85
+1 255
cfn=(176)
calls=85 92 
* 7553
+4 255
+34 8
+94 28
439 765

fl=(24)
fn=(68)
84 12
+2 15

fn=(132)
84 12
+1 3

fn=(110)
84 28
+1 3
+1 20

fn=(112)
84 8
+1 2

fl=(77)
fn=(316)
182 5
+1 4
+1 12
+1 2
+3 2
+4 1
-9 6

fl=(34)
fn=(106)
288 235
+1 94
cfi=(19)
cfn=(54)
calls=47 144 
* 1916
* 47
+1 47
-1 47
+3 47
+2 94
+4 48
-4 96
+1 153
cfi=(19)
cfn=(54)
calls=51 144 
* 2156
* 102
-5 3
+11 59
-1 44
+1 176

fn=(144)
45 2
+7 1
-7 3
+7 1
-7 3
+7 1
cfi=(24)
cfn=(110)
calls=1 +32 
* 5
+1 2
+2 5
cfi=(36)
cfn=(120)
calls=1 -21 
* 10
* 2
+2 1
+3 1
-3 1
+3 1
+13 2
cfi=(24)
cfn=(132)
calls=1 +11 
* 5
+3 7
-14 6
cfi=(37)
cfn=(122)
calls=1 -29 
* 33
* 2

fl=(11)
fn=(22)
66 13
+1 13
+1 13
+1 13
+1 13
+1 13
+1 13
+2 13
+2 13
+30 12
+1 12
+1 12
+1 12
+1 12
+1 6
+1 6
+4 6
+1 6
+1 6
+1 6
+1 6
+1 6
+1 6
+1 6
+1 6
+1 6
+1 6
+1 6
+5 48
+4 1
+1 14
+1 8

fl=(44) /build/glibc-Cl5G7W/glibc-2.23/elf/dl-version.c
fn=(158) match_symbol
76 55
+9 5
-8 5
-1 10
+1 5
+8 5
+6 15
+15 5
+1 10
+2 5
+5 10
+14 44
+12 51
+4 17
-30 34
+19 25
cfi=(19)
cfn=(54)
calls=5 +11 
* 120
* 10
+35 40

fn=(156) _dl_check_map_versions
189 12
-15 36
+17 4
+3 12
-3 4
+2 4
+1 4
+2 4
-3 4
+3 4
+3 4
+4 2
-4 2
+4 8
+17 2
56 4
220 2
56 10
+1 5
-1 10
+2 21
cfi=(34)
cfn=(106)
calls=7 288 
* 849
* 16
228 6
+5 16
+19 3
-15 82
cfn=(158)
calls=3 76 
* 289
* 8
cfn=(158)
calls=2 76 
* 182
* 5
+7 30
+3 15
+9 12
+14 4
+3 8
+10 28
-7 112
+3 84
-3 8
+3 6
+8 9
+87 8
-81 12
cfi=(17)
cfn=(36)
calls=3 103 
* 114
* 3
+1 3
-2 3
+2 3
+11 3
+2 3
-5 3
+3 3
+2 3
-2 3
+2 3
+3 8
+4 6
+18 3
-15 9
+2 9
-2 6
+2 6
+2 5
+1 5
-1 10
+1 5
-1 5
+1 5
+1 5
-2 5
+2 10
+1 15
+3 15
+8 6
+10 9
+3 8
+20 28
-14 60
-2 28
+7 56
+1 28
-1 84
+1 28
-1 28
+1 28
+1 28
+3 90
+10 27
183 2
-8 2
+95 4
-80 2

fn=(154) _dl_check_all_versions
380 5
+4 7
+2 28
cfn=(156)
calls=4 189 
* 2775
-2 4
+2 12
-1 4
-1 8
+5 7

fl=(15)
fn=(32)
61 42
+1 3
cfi=(11)
cfn=(22)
calls=3 +4 
* 66
+6 3
-6 6
+6 6
+7 12
cfi=(17)
cfn=(36)
calls=3 +28 
* 171
* 3
+3 3
-3 3
+3 3
+4 3
+5 6
-6 3
+6 3
-5 3
+3 6
+2 3
cfi=(18)
cfn=(46)
calls=3 -26 
* 88
+10 3
-10 3
+10 3
-8 3
+9 6
-1 9
+1 9
+3 3
-4 3
+1 3
+3 3
+9 3
-7 3
+4 3
+3 9
+2 2
-2 2
+2 30
-2 30
+12 3
+6 3
-5 3
-1 3
+6 15
+2 2
+3 2
-3 2
+3 2
-3 4
+7 6
+4 4
+2 5
+6 1
+6 1
-3 2
+3 4
-3 4
+3 4
+2 6
cfi=(11)
cfn=(22)
calls=2 -91 
* 68
+4 2
-4 8
+4 6
+64 4
+4 24
68 30
+34 8
+39 8
+70 6
cfi=(25)
cfn=(70)
calls=2 61 
* 71
* 42
+6 40
-1 40
+1 42
-1 2
+1 6
+5 4
-89 2
+32 4
cfi=(17)
cfn=(40)
calls=2 -71 
* 58
* 2
+1 2
-1 2
+1 6
+2 1
-35 2

fn=(48)
32 15
+2 6
cfi=(2) /build/glibc-Cl5G7W/glibc-2.23/elf/rtld.c
cfn=(50) rtld_lock_default_lock_recursive
calls=3 704 
* 6
+2 3
-2 3
+2 19
+3 15
+2 2
+2 2
+4 2
+4 2
-4 4
+1 2
+4 4
-4 2
+1 2
+3 2
-3 2
+2 2
cfi=(2)
cfn=(52) rtld_lock_default_unlock_recursive
calls=2 710 
* 4
-4 1
+4 1
-4 2
+1 1
+4 2
-4 1
+1 1
+3 1
-3 1
+2 1
cfi=(2)
cfn=(52)
calls=1 710 
* 2
-5 2

fl=(7) /build/glibc-Cl5G7W/glibc-2.23/elf/../elf/dl-sysdep.c
fn=(204) _dl_sysdep_start_cleanup
256 1

fn=(12) _dl_sysdep_start
86 8
+25 1
-1 1
+1 78
+6 1
-3 1
+1 1
-4 1
+3 1
+3 4
+1 2
-1 25
+1 105
-1 102
+62 1
+1 1
-1 1
+1 1
-29 1
+1 2
+11 1
+1 1
-1 1
+1 1
-7 1
+1 1
-1 1
+1 1
-4 1
+1 2
-25 1
+1 2
-4 1
+1 2
-7 1
+1 1
+2 1
+1 1
fi=(9) /build/glibc-Cl5G7W/glibc-2.23/elf/../sysdeps/unix/sysv/linux/dl-sysdep.c
-90 2
cfi=(10)
cfn=(18)
calls=1 -4 
* 11
fi=(5) /build/glibc-Cl5G7W/glibc-2.23/elf/../sysdeps/x86_64/dl-machine.h
223 5
fi=(8) /build/glibc-Cl5G7W/glibc-2.23/elf/../sysdeps/x86/cpu-features.c
61 2
+3 1
-3 1
+3 9
175 3
+1 1
+3 2
+1 1
+2 2
+1 7
+7 3
+4 2
+2 4
+51 2
fe=(7)
-16 1
fi=(8)
+27 1
+1 1
+1 1
fe=(7)
-29 1
+1 1
cfi=(11)
cfn=(22)
calls=1 66 
* 32
* 1
+2 2
cfi=(12) /build/glibc-Cl5G7W/glibc-2.23/elf/../misc/sbrk.c
cfn=(24) sbrk
calls=1 34 
* 17
* 3
+12 3
+3 5
cfi=(2)
cfn=(26) dl_main
calls=1 790 
* 88034
+1 1
+1 8
fi=(8)
-4 2
+1 2
+4 2
-52 2
+1 1
+6 3
+2 1
+3 3
+16 2
+1 1
+2 2
29 2
+4 1
-4 1
+5 1
-1 1
+2 1
-1 1
+1 1
-2 1
+1 1
+1 1
+1 1
-7 2
+3 1
+4 1
+5 1
+32 2
-32 1
+27 1
+5 1
+3 1
+1 8
+57 2
-66 2
+44 2
248 2
+3 2
fe=(7)

fl=(17)
fn=(36)
103 8
+8 24
-4 8
+4 16
+3 8
cfn=(40)
calls=8 -20 
* 289
* 8

fn=(78)
354 4
+2 2
+1 4
+4 33
+7 84
-2 56
+13 1
+4 2
-7 14
-15 44

fn=(40)
94 21
+1 42
cfn=(44)
calls=21 -43 
* 582
* 21

fn=(44)
52 66
+1 87
+11 63
+3 21
-3 21
+3 42
-3 3
+3 1
-3 1
+3 82
+4 8
+1 4
+6 16
cfi=(37)
cfn=(122)
calls=2 -45 
* 66
+2 10
+4 6
+3 2
+1 2
+2 10
-3 20
+1 20
+2 100
-31 2
-1 5

fn=(84)
120 1
+2 3
+7 2

fl=(67)
fn=(262)
66 18
+5 18
-5 9
+3 18
+3 9
-1 18
-3 9
+5 54
+1 9
-1 9
+1 18
+5 18
+4 18
+4 27
+4 9
+1 45
+2 36
+7 18
-1 9
+1 9
+10 81
cfi=(6)
cfn=(172)
calls=9 806 
* 7304
* 9
+4 45
+10 54
+16 9
-8 9
+8 27
+4 27
fi=(5)
+90 9
fe=(67)
-86 27

fl=(29)
fn=(90) _dl_debug_state
74 2

fn=(86)
50 8
+5 6
+5 2
-1 1
+1 2
+1 2
-1 1
+4 1
-13 4
+4 8
+4 1
-1 1
-58 4

fl=(25)
fn=(70)
61 17
+4 17
+3 16
+1 16
+2 7
+1 7
+2 7
+1 7
+5 7
+1 7
-1 9
+1 9
+2 10
+1 10
+2 10
+1 10
+5 10
+1 10
-1 6
+1 6
+2 5
+1 5
+2 5
+1 5
+5 5
+1 5
-1 11
+1 11
+2 7
+1 7
+2 7
+1 14
+5 7
+1 7
-1 9
+1 11
+5 2
+1 2
+1 2
+1 2
+2 2
+2 2
+1 2
+2 2
+6 16
+4 16
+12 2
+2 2
+1 2
+26 2
+1 2
+3 2
+1 2
+1 2
+5 2
+2 2
+1 2
+1 2
+1 2
+2 2
+1 2
+1 2
+1 2
+2 2
+1 2
+2 2
+22 2
+2 2
+2 1
+7 1

fl=(28)
fn=(80)
40 12
+1 3
cfi=(11)
cfn=(22)
calls=3 +25 
* 84
* 3
+1 6
cfi=(17)
cfn=(40)
calls=3 +52 
* 87
* 3
+2 6
+4 3
-1 6
+1 6
-1 6
cfi=(18)
cfn=(46)
calls=3 +14 
* 106

fl=(18)
fn=(46)
61 16
+2 16
+2 16
+3 14
+1 14
+2 3
+1 3
+2 3
+1 3
+5 3
+1 3
-1 11
+1 11
+2 5
+1 5
+2 5
+1 10
+5 5
+1 5
-1 9
+1 9
+2 3
+1 3
+2 3
+1 3
+5 3
+1 3
-1 11
+1 11
+2 9
+1 9
+2 9
+1 9
+5 9
+1 9
-1 5
+1 10
+5 5
+1 5
+1 5
+1 5
+2 5
+2 5
+1 5
+2 5
+8 14
+8 6
+6 6
+2 6
+1 6
+3 2
+1 6
+5 2
+1 2
+2 2
+2 2
+1 2
+2 2
-8 5
+1 5
+2 5
+2 5
+1 5
+2 9
+9 2
+1 2
-1 4
+1 4
+3 6
+1 6
+1 6
+5 5
+2 5
+1 5
+1 5
+1 5
+2 5
+1 5
+1 5
+1 5
+2 5
+1 5
+2 5
+22 6
+6 6
+1 6
+2 2

fl=(45) /build/glibc-Cl5G7W/glibc-2.23/elf/dl-reloc.c
fn=(166) _dl_relocate_object
149 40
+15 4
-15 8
+15 4
+1 24
+6 8
+6 12
-18 8
+22 8
+7 4
-32 4
+32 4
+44 4
fi=(5)
76 12
fe=(45)
232 8
fi=(5)
76 12
+6 6
+4 9
+14 3
-8 3
+10 3
-2 6
+20 6
+9 3
fe=(45)
258 164
-98 18
fi=(5)
301 24
fe=(45)
-43 3
fi=(4) /build/glibc-Cl5G7W/glibc-2.23/elf/do-rel.h
58 3
-10 3
-1 6
+11 3
-11 3
+11 3
fe=(45)
258 1
-98 6
fi=(5)
301 8
fe=(45)
-43 1
fi=(4)
58 1
-10 1
-1 2
+11 1
-11 1
+11 1
fe=(45)
258 4
fi=(4)
58 4
-10 4
-1 8
+11 4
-11 4
+11 4
+3 15
fi=(5)
528 40
+4 40
+2 60
+1 20
fi=(4)
61 81
+2 112
+2 26
-4 3
+13 6
+1 5
+1 16
fi=(5)
528 8
+26 8
fi=(4)
75 8
fi=(5)
554 16
cob=(3)
cfi=(53) ???
cfn=(198) memcpy@GLIBC_2.2.5
calls=1 0 
* 11
cob=(3)
cfi=(52) /build/glibc-Cl5G7W/glibc-2.23/time/../sysdeps/unix/sysv/linux/x86/gettimeofday.c
cfn=(194) gettimeofday
calls=1 37 
* 66
cob=(3)
cfi=(51) /build/glibc-Cl5G7W/glibc-2.23/string/../sysdeps/x86_64/multiarch/strspn.S
cfn=(192) strspn
calls=1 30 
* 6
cob=(3)
cfi=(50) /build/glibc-Cl5G7W/glibc-2.23/string/../sysdeps/x86_64/multiarch/strcspn.S
cfn=(190) strpbrk
calls=1 45 
* 6
cob=(3)
cfi=(46) /build/glibc-Cl5G7W/glibc-2.23/string/../sysdeps/x86_64/multiarch/strcmp.S
cfn=(188) strncasecmp
calls=1 129 
* 5
cob=(3)
cfi=(50)
cfn=(186) strcspn
calls=1 45 
* 6
cob=(3)
cfi=(47) /build/glibc-Cl5G7W/glibc-2.23/time/../sysdeps/unix/sysv/linux/x86/time.c
cfn=(180) time
calls=1 38 
* 66
cob=(3)
cfi=(46)
cfn=(178) strcasecmp
calls=1 109 
* 5
fi=(4)
75 8
fi=(5)
555 8
fi=(4)
75 11
fe=(45)
258 2
fi=(4)
75 14
fe=(45)
258 14
+3 16
+24 4
+3 8
+17 12
+2 32
fi=(4)
84 5
-1 5
+3 10
-3 5
+3 5
+12 15
+10 6
+3 8
fi=(5)
512 2
fi=(4)
112 4
fi=(5)
512 1194
fi=(4)
112 2380
fi=(5)
512 2380
+5 2384
+1 2384
fi=(4)
111 2384
fi=(5)
518 1192
fi=(4)
111 1192
+7 15
+6 4
-3 8
+3 10
fi=(5)
447 9
fi=(4)
127 376
+9 188
+3 94
-3 94
+3 94
fi=(5)
269 94
fi=(4)
138 94
-2 94
+1 376
fi=(5)
269 94
+21 188
+4 188
+7 1793
fi=(4)
137 75
fi=(5)
301 150
fi=(4)
137 75
fi=(5)
301 75
fi=(4)
137 75
fi=(5)
301 150
fi=(4)
137 2
fi=(5)
301 4
fi=(4)
137 2
fi=(5)
301 2
fi=(4)
137 2
fi=(5)
301 1082
cfi=(6)
cfn=(172)
calls=77 806 
* 42924
* 616
+2 240
+3 92
-3 184
+3 276
+6 564
fe=(45)
178 8
fi=(5)
435 234
fi=(4)
124 288
+19 6
fi=(5)
301 60
fi=(4)
108 3
fi=(5)
407 42
+4 70
+14 70
+49 6
+4 14
cfi=(18)
cfn=(46)
calls=2 61 
* 36
+2 8
+1 2
fe=(45)
313 20
+3 4
-3 8
+3 4
+4 8
+1 16
cfi=(39)
cfn=(126)
calls=4 84 
* 20
* 12
fi=(5)
123 15
+6 12
fe=(45)
258 3
fi=(4)
129 8
fi=(5)
301 87
fi=(4)
160 7
+2 20
+8 10
+1 5
-1 5
+1 5
fi=(5)
+98 5
fi=(4)
-99 15
fi=(5)
+99 5
+21 10
+4 10
+7 180
cfi=(6)
cfn=(172)
calls=5 806 
* 2409
* 35
+2 15
+3 1
-3 2
+3 3
+6 30
435 15
fi=(4)
160 17
+14 2
fi=(5)
301 6
fe=(45)

fl=(14)
fn=(30)
24 13
+1 13
+1 13
+1 13
+1 13
+1 13
+1 13
+1 13
+3 13
+1 13
+1 5
+1 5
+1 5
+1 5
+1 5
+1 5
+1 5
+2 12
+1 12
+1 4
+1 4
+1 4
+1 4
+1 4
+1 4
+1 4
+2 12
+1 12
+1 5
+1 5
+1 5
+1 5
+1 2
+1 2
+1 2
+2 9
+1 9
+1 5
+1 5
+1 5
+1 5
+5 4
+1 4
+1 4
+1 4
+1 4
+1 4
+1 4
+1 2
+1 2
+1 2
+1 2
+1 2
+7 2
+2 3
+4 8
+1 8
+1 1
+1 1
+1 1
+1 1
+1 1
+1 1
+1 1
+1 1
+1 1
+1 1
+1 1
+4 9
+1 9

fl=(26)
fn=(72)
53 13
+1 13
+1 13
+1 13
+1 13
+2 13
+1 13
+1 11
+1 11
+15 2
+1 2
+1 2
+1 2
+1 2
+1 2
+1 2
+1 2
+1 2
+1 2
+1 2
+1 2
+1 2
+1 4
+3 2
+1 2
+1 2
+1 2
+1 2
+1 2
+1 2
-6 34
+1 34
+1 34
+1 34
+1 34
+1 34
+1 34
+1 2
+3 11
+1 11
+1 11
+1 4
+1 4
+1 2
+1 2
+3 2
+1 2
+1 2
+1 2
+2 2
+1 2
+1 2
+2 7
+1 7
+1 7

fl=(1) ???
fn=(0) 0x0000000000000c30
0 2
cfi=(2)
cfn=(2) _dl_start
calls=1 353 
0 89240
0 14
cfi=(54) /build/glibc-Cl5G7W/glibc-2.23/elf/dl-init.c
cfn=(212) _dl_init
calls=1 80 
0 1610
0 3
cob=(5) /mnt/c/Users/brosa/OneDrive/Yale/Sopho/Semester 2/CS223/HW3/a.out
cfi=(65) ???
cfn=(252) _start
calls=1 0 
0 2764284071

fl=(39)
fn=(126)
84 24
+1 6

fn=(208)
84 4
+1 1

fl=(23)
fn=(66)
39 6
+3 1
-3 2
+3 1
-1 1
+1 1
+9 1
-12 4
+12 2
+10 4
162 2
-47 3
cfi=(24)
cfn=(68)
calls=1 -31 
* 9
* 2
+55 3
+2 2
+1 5
+4 2
+4 1
-4 1
+1 1
+3 1
+3 1
+1 1
-1 1
+4 3
+1 1
-1 9
+1 1
+18 10
+1 2
-1 1
+1 3
cfi=(17)
cfn=(40)
calls=1 94 
* 29
* 1
+1 1
-1 1
+1 5
+29 1
+3 1
-3 2
+3 1
+23 7
+6 2
-1 2
+1 6
-1 8
+5 6
+3 1
-3 1
+3 1
-3 3
+3 1
-3 1
+3 5
+1 12
+1 4
-1 4
+1 8
-2 4
+1 8
-1 14
+4 4
+4 1
-1 1
+2 1
-2 1
+1 1
+1 1
-2 1
+2 10
+13 2
+1 1
-1 1
+3 2
-3 2
+1 1
-1 1
+3 2
+3 4
+3 1
-1 1
+1 9
113 1
+17 1
+1 1
-1 9
243 6
cfi=(25)
cfn=(70)
calls=1 61 
* 22
* 4
cfi=(25)
cfn=(70)
calls=1 61 
* 18
+1 4
cfi=(25)
cfn=(70)
calls=1 61 
* 22
* 4
cfi=(25)
cfn=(70)
calls=1 61 
* 18
* 12

fl=(27)
fn=(74)
24 7
+1 7
+1 7
+1 7
+1 7
+1 7
+1 7
+1 7
+1 7
+1 7
+1 7
+1 7
+1 7
+1 7
+1 7
+1 7
+1 7
+1 5
+4 5
+1 5
+1 5
+1 5
+2 5
+4 2
+1 2
+1 2
+1 2
+1 2
+1 2
+1 2
+1 2
+1 2
+1 2
+1 2
+1 2
+1 2
+1 2
+1 2
+1 2
+1 2
+1 2
+1 2
+1 2
+1 2
+1 2
+1 2
+1 2
+52 2
+4 2
+1 2
+1 2
+1 2
+2 2

fl=(99) /build/glibc-Cl5G7W/glibc-2.23/elf/dl-fini.c
fn=(424) _dl_fini
130 8
+17 1
+3 15
+3 2
cfi=(2)
cfn=(50)
calls=1 704 
* 2
+2 1
+3 2
+2 6
+8 1
-3 1
+3 8
+7 8
+2 8
+2 4
+1 4
+5 4
-6 4
-6 4
+8 4
-8 9
+14 9
+1 2
+4 1
31 1
+2 1
192 1
33 1
+6 1
-1 1
+2 1
-2 2
+1 8
+1 1
cfi=(26)
cfn=(72)
calls=1 +13 
* 15
* 1
+77 15
+3 16
cfi=(26)
cfn=(72)
calls=2 -67 
* 37
* 6
-76 9
+1 9
+4 12
+6 6
+1 6
+2 15
+1 7
+2 9
+1 6
201 3
cfi=(2)
cfn=(52)
calls=1 710 
* 2
+5 3
81 4
208 1
+2 3
-2 3
+2 9
+3 8
+3 12
+4 4
+9 2
+3 2
-3 2
+3 4
+2 8
+1 4
cob=(4)
cfi=(55)
cfn=(438)
calls=1 0 
* 78
cob=(5)
cfi=(65)
cfn=(426) 0x0000000000400910
calls=1 0 
* 16
-1 8
+5 4
+1 6
cob=(2)
cfi=(16)
cfn=(458)
calls=1 0 
* 3
cob=(2)
cfi=(16)
cfn=(436)
calls=1 0 
* 3
+6 24
+16 8
-56 11
+11 6
92 9
+21 3
-57 8
268 4
+2 1
-2 2
+6 2
+7 8

fl=(19)
fn=(54)
144 213
+1 213
+2 213
+1 213
+21 213
+1 213
+1 165
+1 165
+1 132
+1 132
+1 132
+1 132
+21 132
+1 132
+1 132
+1 132
+1 132
+1 132
+1 132
+5 4
+1 4
+9 4
+1 4
+1 4
+1 4
+1 4
+1 4
+1 4
+1 4
-7 81
+1 81
+1 81
+1 81
+1 81
+1 81
+1 81
+1 81
+1 84
+1 50
+1 50
+1 50
+2 50
+1 50
+1 50
+1 50
+1 50
+1 50
-5 34
+1 34
+1 34
+1 34
+1 34
+1 34
+10 1
+1 1
+1 1
+2 1
+6 1
+1 1
+1 1
+1 1
+1 1
+5 1
821 2
+1 2
+1 2
+1 2
+1 2
+2 2
+1 2
+1 2
+1 2
+1 2
+1 2
+1 2
1196 4
+1 4
+1 4
+1 4
+1 4
+2 4
+1 4
+1 4
+1 4
+1 4
+1 4
+1 4
1321 40
+1 40
+1 40
+1 40
+1 40
+2 40
+1 40
+1 40
+1 40
+1 40
+1 40
+1 40
1571 2
+1 2
+1 2
+1 2
+1 2
+2 2
+1 2
+1 2
+1 2
+1 2
+1 2
+1 2
+1 1
+4 1
+1 1
+1 1
+6 1
+1 1
+1 2
+4 1
+1 1
+3 1
+1 1
+1 1
+3 1
+1 1
+1 1
+6 1
+1 1
+1 1
+1 1
+1 1
+1 1
+72 1
+1 1
+1 1
+1 1
+1 1
+2 1
+1 1
+1 1
+1 1
+1 1
+1 1
+1 1
1821 6
+1 6
+1 6
+1 6
+1 6
+2 6
+1 6
+1 6
+1 6
+1 6
+1 6
+1 6
+1 4
+4 4
+1 4
+1 4
+6 4
+1 4
+1 8
+4 4
+1 4
+3 4
+1 4
+1 4
+3 4
+1 4
+1 4
+6 4
+1 4
+1 4
+1 4
+1 4
+1 4
+72 1
+1 1
+1 1
+1 1
+1 1
+2 1
+1 1
+1 1
+1 1
+1 1
+1 1
+1 1
+1 1
+4 1
+1 1
+1 1
+6 1
+1 1
+1 2
+4 1
+1 1
+3 1
+1 1
+1 1
+3 1
+1 1
+1 1
+6 1
+1 1
+1 1
+1 1
+1 1
+1 1
+72 28
+1 28
+1 28
+1 28
+1 28
+2 28
+1 28
+1 28
+1 28
+1 28
+1 28
+1 28
+2 1
+4 1
+1 1
+1 1
+6 1
+1 1
+2 2
+4 1
+1 1
+3 1
+1 1
+1 1
+3 1
+1 1
+1 1
+6 1
+1 1
+1 1
+1 1
+1 1
+1 1
+74 7
+2 7
+1 7
+1 7
+1 7
-3 78
+1 78
+1 78
+1 78
+1 150
+5 50
+6 50
+1 50
+8 50
+1 50
-16 163
+6 163
+1 163
+8 163
+1 163

fl=(33) /build/glibc-Cl5G7W/glibc-2.23/setjmp/../sysdeps/x86_64/setjmp.S
fn=(100) __sigsetjmp
26 3
+9 3
+1 6
+1 3
+4 3
+1 3
+1 3
+1 3
+1 3
+2 6
+2 3
+1 3
+1 3
+2 6
+2 3
+4 3
+1 3

fl=(2)
fn=(98) _dl_initial_error_catch_tsd
664 8

fn=(92) handle_ld_preload
757 7
+1 1
-1 1
-75 1
+86 1
-11 1
-75 6
+80 3
fi=(31) /build/glibc-Cl5G7W/glibc-2.23/elf/../string/bits/string2.h
961 1
+1 145
+1 46
-2 46
+2 46
-2 139
+2 1
-2 3
fe=(2)
766 2
+10 4
108 3
779 2
677 1
+5 5
-10 1
+4 1
+1 1
+1 1
+2 1
+2 1
cfi=(32)
cfn=(96)
calls=1 163 
* 2434
+1 3
+13 3
+84 1
-18 3
+21 9
-15 4
cfi=(18)
cfn=(46)
calls=1 61 
* 63
* 1
+1 2

fn=(52)
710 10

fn=(26)
790 1
+19 1
-19 7
2390 1
790 3
+19 1
+3 1
-22 1
2385 1
812 1
+4 2
+1 2
+5 2
2383 2
+7 4
-4 1
+4 8
+2 2
cfi=(13) /build/glibc-Cl5G7W/glibc-2.23/elf/dl-environ.c
cfn=(28) _dl_next_ld_env_entry
calls=1 30 
* 34
* 4
cfi=(13)
cfn=(28)
calls=2 30 
* 137
* 9
+4 50
+1 19
-1 57
+3 4
+6 14
2553 3
+30 3
832 3
1033 7
cfi=(15)
cfn=(32)
calls=1 61 
* 250
+2 1
-2 1
+2 1
+1 1
+1 1
+5 2
-5 1
+1 2
+4 1
cfi=(15)
cfn=(48)
calls=1 32 
* 33
+1 3
799 1
1072 1
-3 1
-5 1
+1 1
+2 1
+5 7
+56 5
-55 24
-1 27
+1 47
1175 5
+3 2
+2 2
+2 3
+13 3
+1 6
cfi=(19)
cfn=(54)
calls=1 144 
* 44
* 2
+7 1
+3 1
-5 1
+3 1
+2 1
+1 2
+4 2
+2 2
fi=(3)
30 1
+9 2
+6 1
-2 1
+2 2
+15 1
+5 1
+3 1
+2 1
-3 1
-3 1
-3 14
+10 3
-26 9
+16 19
+10 19
-26 57
+26 1
-26 3
+2 46
+13 16
+2 4
+16 3
+38 3
+5 2
+7 2
+1 3
+16 3
+14 3
+18 2
fe=(2)
1218 2
cfi=(6)
cfn=(10)
calls=1 956 
* 23
+3 2
fi=(20) /build/glibc-Cl5G7W/glibc-2.23/elf/setup-vdso.h
24 2
fe=(2)
1243 1
cfi=(9)
cfn=(60) _dl_discover_osversion
calls=1 45 
* 85
* 8
-75 2
+1 2
+1 1
-6 2
+1 1
-88 3
+1 1
+50 2
-1 8
+2 4
+1 1
+3 2
+1 2
-1 2
+1 2
+1 2
+1 6
+1 2
-43 1
-2 2
+27 1
-25 2
+7 1
-10 1
+10 1
-19 3
+1 1
fi=(3)
65 4
+3 4
+2 4
fe=(2)
2480 1
+1 1
-1 2
+1 3
cfi=(14)
cfn=(30)
calls=1 24 
* 31
* 2
-55 4
cfi=(14)
cfn=(30)
calls=1 24 
* 18
* 2
+7 4
cfi=(14)
cfn=(30)
calls=1 24 
* 36
* 2
+2 3
+48 3
1248 2
cfi=(22)
cfn=(64)
calls=1 689 
* 1578
+3 3
cfi=(29)
cfn=(86)
calls=1 50 
* 17
+7 1
-7 1
+2 1
+5 1
+3 3
+1 1
+3 1
-3 3
+1 2
+3 1
+5 1
-7 1
+7 1
+1 5
+17 2
+1 2
+5 1
-3 4
+2 2
+1 3
+5 3
+1 5
+2 2
+1 2
+5 2
+5 1
805 1
1314 2
1491 1
cfi=(30)
cfn=(88)
calls=1 115 
* 4
* 1
+8 3
+3 1
+4 3
+5 1
+1 1
cfi=(29)
cfn=(90)
calls=1 74 
* 1
+1 1
+4 3
+15 3
+4 1
-2 1
+2 2
+2 3
+1 1
-1 2
+1 1
cfn=(92)
calls=1 757 
* 2994
* 1
+1 1
+2 6
+10 3
cfi=(24)
cfn=(68)
calls=1 84 
* 9
* 2
+77 1
-96 1
+96 3
+17 3
+1 1
-1 1
+1 2
-1 1
+1 5
cfi=(41)
cfn=(134)
calls=1 161 
* 6797
+1 1
+2 2
+3 1
-3 3
+3 1
-3 1
+3 3
+1 4
-1 2
+1 12
-1 6
+4 3
+1 3
+1 1
+2 2
+1 6
-1 5
+1 5
-1 3
-3 1
+16 1
+1 2
-1 1
+1 1
+2 1
+2 3
+2 1
-4 1
+5 1
-1 2
+14 2
+1 2
+1 3
+11 1
+2 1
-2 1
+2 2
-1 1
+1 1
-2 3
+2 1
cfi=(32)
cfn=(150) _dl_receive_error
calls=1 205 
* 2890
+10 1
+1 1
-1 1
+1 1
+1 1
cfn=(160) init_tls
calls=1 589 
* 619
* 1
+2 2
719 1
+2 3
fi=(103) /build/glibc-Cl5G7W/glibc-2.23/elf/../sysdeps/unix/sysv/linux/dl-osinfo.h
77 1
fe=(2)
730 1
+7 1
-5 1
1729 3
1959 3
2129 4
+2 1
+5 3
cfi=(30)
cfn=(202)
calls=1 450 
* 147
+3 2
+9 3
+2 2
+15 1
+2 1
-2 2
+3 1
-3 1
+3 1
-3 1
+3 3
cfi=(45)
cfn=(166)
calls=1 149 
* 3984
+1 1
+2 6
+8 1
cfi=(7)
cfn=(204)
calls=1 256 
* 1
+4 3
+20 3
cfi=(29)
cfn=(86)
calls=1 50 
* 8
+1 1
-1 1
+2 1
cfi=(29)
cfn=(90)
calls=1 74 
* 1
+1 1
+4 1
cfi=(43)
cfn=(206)
calls=1 322 
* 15
+5 8
2080 3
+7 1
+2 3
+19 1
-19 4
+2 1
+2 12
+5 8
+2 8
+6 4
+2 8
+1 24
cfi=(45)
cfn=(166)
calls=3 149 
* 67102
+4 14
-22 10
+25 1
+2 5
+6 1
-6 1
+6 1
-10 2
cfi=(30)
cfn=(200)
calls=1 890 
* 20
* 1
-12 1
+1 1
-3 2
-85 1
+11 1
-7 1
-4 1
+4 3
+4 2
+3 1
1672 2
-39 5
+1 1
-1 3
+4 3
+1 1
+1 2
+1 2
1237 3

fn=(50)
704 10

fn=(160)
589 1
+6 1
-6 1
+2 2
+4 1
+10 4
cfi=(17)
cfn=(36)
calls=1 103 
* 38
* 1
+11 1
-5 1
-7 1
+6 1
+2 1
-1 1
+5 1
+2 1
-1 1
+1 10
+2 8
+4 1
+2 1
-2 2
-5 8
+9 3
+3 1
cfi=(30)
cfn=(162)
calls=1 138 
* 71
+7 1
cfi=(30)
cfn=(164)
calls=1 354 
* 439
+1 1
-1 1
+1 1
+6 1
+3 1
-3 1
+3 6
+3 1
+2 1
+1 2

fn=(102) map_doit
496 1
+2 1
-2 1
+3 8
cfi=(22)
cfn=(104)
calls=1 2189 
* 2358
* 1
+2 2

fn=(2)
353 9
+18 4
fi=(5)
59 1
fe=(2)
371 1
fi=(3)
45 1
fi=(5)
+14 2
fe=(2)
397 1
fi=(3)
45 1
fe=(2)
394 1
fi=(3)
45 1
+25 2
-3 1
-7 1
+5 1
+3 1
+2 1
-3 1
-3 1
-3 2
-13 26
+23 13
-26 39
+26 1
-26 3
+2 36
+13 20
+1 16
+10 4
-26 12
+33 2
+20 4
+1 4
+1 4
+1 4
+2 4
+5 4
+1 4
+1 4
+6 3
+5 2
+7 3
+1 3
+8 3
+2 3
+3 2
+1 2
fe=(2)
408 2
302 1
415 1
302 1
cfi=(6)
cfn=(10)
calls=1 956 
* 23
+1 2
+1 2
+1 2
+1 2
+8 1
+9 1
-9 3
+9 1
-6 1
-3 1
+9 1
cfi=(7)
cfn=(12)
calls=1 86 
* 88592
* 1
+9 1
+3 4
+4 1
-4 1
+4 1
440 9
fi=(3)
62 4
+3 4
fe=(2)
413 26
fi=(4)
84 1
+27 1
-28 1
+28 2
+1 2
fi=(5)
517 2
fi=(4)
112 18
fi=(5)
517 18
+1 20
fi=(4)
111 20
fi=(5)
518 10
fi=(4)
111 10
+5 2
+8 1
fi=(5)
312 1
fi=(4)
124 2
+12 1
+1 3
fi=(5)
266 1
fi=(4)
137 1
fi=(5)
294 1
fi=(4)
137 2
fi=(5)
294 1
fi=(4)
136 5
+1 15
fi=(5)
266 5
fi=(4)
137 5
fi=(5)
294 5
fi=(4)
137 10
fi=(5)
294 5
+9 12
+3 6
-3 12
+3 18
+6 36
fi=(3)
68 4
+2 3
fi=(5)
425 12
fi=(4)
124 19
fe=(2)

fn=(152) version_check_doit
529 2
+2 4
cfi=(44)
cfn=(154)
calls=1 380 
* 2850
* 2
+4 2

fl=(37)
fn=(122)
33 8
-1 80
+1 20
+1 80
+2 56
-3 18

fl=(54)
fn=(214) call_init.part.0
28 20
+8 4
+3 4
-3 8
+3 12
+5 21
+5 4
+9 12
cob=(3)
cfi=(56) /build/glibc-Cl5G7W/glibc-2.23/csu/../csu/init-first.c
cfn=(228) _init
calls=1 -6 
* 176
cob=(2)
cfi=(16)
cfn=(216)
calls=1 -58 
* 6
* 2
+4 4
+6 2
+2 4
-2 4
+3 10
+1 8
cob=(3)
cfi=(62) /build/glibc-Cl5G7W/glibc-2.23/string/../sysdeps/x86_64/cacheinfo.c
cfn=(240) init_cacheinfo
calls=1 482 
* 1161
cob=(4)
cfi=(55)
cfn=(220)
calls=1 -72 
* 17
* 4
cob=(3)
cfi=(64) /build/glibc-Cl5G7W/glibc-2.23/elf/dl-altinit.c
cfn=(248) dlinit_alt
calls=1 -39 
* 4
* 3
-1 6
+3 24
-29 3
-5 3

fn=(212)
80 11
+1 1
+1 1
+3 3
+8 2
+1 2
+25 15
+1 12
-90 20
cfn=(214)
calls=3 -2 
* 1450
* 3
+96 8
-96 2
+58 2
+16 1
cfn=(214)
calls=1 -76 
* 76
* 1

fl=(32)
fn=(96)
163 6
+15 3
-3 6
+1 6
-13 6
+14 6
+1 3
+2 3
cfi=(2)
cfn=(98)
calls=3 664 
* 6
+2 3
-1 3
+4 3
-3 6
+3 3
-4 3
+4 3
cfi=(33)
cfn=(100)
calls=3 26 
* 60
* 9
+2 9
cfi=(41)
cfn=(136)
calls=2 60 
* 5277
cfi=(2)
cfn=(102)
calls=1 496 
* 2372
+1 6
+2 3
+1 3
-3 3
+1 6
+1 3
+9 3
-8 3
+8 9

fn=(150)
205 10
+1 1
cfi=(2)
cfn=(98)
calls=1 664 
* 2
+5 1
-1 1
-4 1
+9 1
+2 1
-3 1
+3 1
cfi=(2)
cfn=(152)
calls=1 529 
* 2860
+2 1
+1 1
+1 8

fl=(21) /build/glibc-Cl5G7W/glibc-2.23/posix/../sysdeps/unix/syscall-template.S
fn=(62) uname
84 4
+1 1

fl=(9)
fn=(60)
45 7
+2 3
+85 8
-45 3
cfi=(21)
cfn=(62)
calls=1 -3 
* 5
* 1
+15 1
-15 1
+20 1
-1 1
+3 12
+4 3
-2 6
+2 9
+7 3
-1 3
+4 3
-2 3
+2 10
+5 2

fl=(12)
fn=(24)
34 4
+8 6
+4 2
+16 5

fl=(42)
fn=(140)
34 4
-1 4
+1 4
+1 24
+4 1
-4 12

fl=(13)
fn=(28)
30 3
+3 10
+13 21
-13 63
+2 46
+1 18
+5 2
-3 2
+3 2
+2 2
-12 1
+19 1

ob=(3)
fl=(101) /build/glibc-Cl5G7W/glibc-2.23/nptl/unregister-atfork.c
fn=(448) __unregister_atfork
28 4
+8 1
+3 2
+82 3

fl=(76) /build/glibc-Cl5G7W/glibc-2.23/elf/dl-addr.c
fn=(308) _dl_addr
126 9
+5 1
-5 2
+5 2
cob=(1)
cfi=(2)
cfn=(50)
calls=1 704 
* 2
+2 2
cob=(1)
cfi=(66)
cfn=(261)
calls=1 -69 
* 1190
* 5
+2 2
30 1
+1 1
-1 1
+1 1
+3 2
+5 1
+6 1
-7 1
+2 2
+2 1
-2 1
+2 1
+3 1
+5 8
+2 1
+1 2
-1 1010
+1 2020
+2 3628
+9 2010
+7 24
-2 24
+2 2259
-2 2211
+2 5750
-10 11175
+2 8940
+1 14318
+7 1011
-21 2022
+49 3
+1 1
+1 3
+3 2
+37 2
cob=(1)
cfi=(2)
cfn=(52)
calls=1 710 
* 2
+3 9
-28 1
+1 1
+21 2

fl=(56)
fn=(228)
52 8
+6 3
+14 1
fi=(58) /build/glibc-Cl5G7W/glibc-2.23/csu/../sysdeps/unix/sysv/linux/x86_64/init-first.c
-36 1
fe=(56)
+34 1
+1 1
fi=(58)
-35 3
fe=(56)
+36 1
fi=(58)
-36 3
fi=(57) /build/glibc-Cl5G7W/glibc-2.23/csu/../sysdeps/generic/dl-hash.h
+12 3
+14 4
-17 3
+3 9
+14 12
-17 9
fi=(58)
-9 3
+2 2
-2 1
+2 2
cfi=(49) /build/glibc-Cl5G7W/glibc-2.23/elf/../sysdeps/unix/sysv/linux/dl-vdso.c
cfn=(184) _dl_vdso_vsym
calls=1 -11 
* 6
+1 2
+5 2
-3 2
+1 1
+2 1
cfi=(49)
cfn=(184)
calls=1 -17 
* 6
fe=(56)
+42 3
fi=(58)
-41 2
+1 1
fe=(56)
+40 1
cfi=(59) /build/glibc-Cl5G7W/glibc-2.23/misc/init-misc.c
cfn=(234) __init_misc
calls=1 -55 
* 48
+8 1
cfi=(61) /build/glibc-Cl5G7W/glibc-2.23/ctype/ctype-info.c
cfn=(238) __ctype_init
calls=1 -63 
* 16
+5 6
-34 1
-7 1
+7 4
fi=(58)
-25 2
fe=(56)

fl=(70) /build/glibc-Cl5G7W/glibc-2.23/setjmp/../sysdeps/x86_64/bsd-_setjmp.S
fn=(286) _setjmp
30 1
+2 1
cfi=(71) /build/glibc-Cl5G7W/glibc-2.23/setjmp/../sysdeps/x86_64/setjmp.S
cfn=(288) __sigsetjmp
calls=1 -6 
* 28

fl=(61)
fn=(238)
31 5
+2 1
+2 1
-4 1
+4 1
-4 1
+2 3
+2 3

fl=(72) /build/glibc-Cl5G7W/glibc-2.23/setjmp/sigjmp.c
fn=(290) __sigjmp_save
28 1
+1 1
-1 2
+1 2
+5 3

fl=(88) /build/glibc-Cl5G7W/glibc-2.23/libio/fileops.c
fn=(386) _IO_file_stat
1229 1
+1 3
cfi=(90) /build/glibc-Cl5G7W/glibc-2.23/io/../sysdeps/unix/sysv/linux/wordsize-64/fxstat.c
cfn=(388) _fxstat
calls=1 34 
* 10

fn=(410) _IO_file_write@@GLIBC_2.2.5
1258 1
-2 6
+2 4
+4 2
+1 2
+10 3
+3 6
-13 4
cfi=(96) /build/glibc-Cl5G7W/glibc-2.23/io/../sysdeps/unix/syscall-template.S
cfn=(412) write
calls=1 84 
* 7
+1 2
+5 1
+1 1
-12 5

fn=(380) _IO_file_overflow@@GLIBC_2.2.5
808 42
+7 14
-8 70
+8 66
+35 28
+3 28
+3 42
+1 42
+1 56
+4 14
+1 56
-45 2
+12 2
+9 4
+8 1
-4 1
+3 2
-2 2
-3 1
+1 2
+5 1
-1 1
+1 3
+1 2
+12 1
-1 4
cfn=(408) _IO_do_write@@GLIBC_2.2.5
calls=1 494 
* 94
* 2
-39 2
cfi=(87) /build/glibc-Cl5G7W/glibc-2.23/libio/genops.c
cfn=(382) _IO_doallocbuf
calls=1 395 
* 619
+1 6

fn=(468) _IO_file_sync@@GLIBC_2.2.5
868 1
+5 1
-5 1
+5 3
+2 1
+1 2
+17 2
+4 2

fn=(408)
494 3
-2 8
+11 2
+7 4
+8 5
cfn=(410)
calls=1 1258 
* 44
* 1
+1 5
+6 1
-4 1
+4 1
-4 3
+1 2
+3 1
-2 1
-29 4
+1 6
+29 2

fn=(464) _IO_file_setbuf@@GLIBC_2.2.5
450 2
+1 1
cfi=(87)
cfn=(466) _IO_default_setbuf
calls=1 +71 
* 51
* 2
+4 2
-1 2
+2 3
+2 1
+1 2

fl=(68)
fn=(266)
134 7
+4 1
-4 3
+4 3
+82 1
-82 1
+82 1
+1 4
cfi=(69) /build/glibc-Cl5G7W/glibc-2.23/stdlib/cxa_atexit.c
cfn=(268) __cxa_atexit
calls=1 57 
* 60
+22 4
+3 2
+1 5
cob=(5)
cfi=(65)
cfn=(272) __libc_csu_init
calls=1 0 
* 56
+4 4
+15 2
+12 2
cfi=(70)
cfn=(286)
calls=1 30 
* 30
+1 2
+5 2
+1 2
+3 2
+3 6
cob=(5)
cfi=(65)
cfn=(292) main
calls=1 0 
* 2764281949
+34 2
cfi=(97) /build/glibc-Cl5G7W/glibc-2.23/stdlib/exit.c
cfn=(418) exit
calls=1 104 
* 897
138 2

fl=(79) /build/glibc-Cl5G7W/glibc-2.23/misc/sbrk.c
fn=(326) sbrk
34 7
+8 7
-8 21
+8 39
+4 14
+4 36
+12 5
-19 2
cfi=(80) /build/glibc-Cl5G7W/glibc-2.23/misc/../sysdeps/unix/sysv/linux/x86_64/brk.c
cfn=(328) brk
calls=1 -12 
* 12
* 4
+15 12
cfi=(80)
cfn=(328)
calls=6 -27 
* 72
* 12
+4 30

fl=(93) /build/glibc-Cl5G7W/glibc-2.23/string/../sysdeps/x86_64/memcpy.S
fn=(394) __GI_mempcpy
61 1
+4 1
+3 1
+1 1
+2 1
+1 1
+2 1
+1 1
+5 1
+1 1
+2 1
+1 1
+2 1
+1 1
+5 1
+1 1
+11 1
+1 1
+11 1
+1 2
+5 1
+1 1
+1 1
+1 1
+2 1
+2 1
+1 1
+2 1
+6 1
+4 1

fl=(80)
fn=(328)
31 56
+8 7
-6 14
+7 7

fl=(102) /build/glibc-Cl5G7W/glibc-2.23/posix/../sysdeps/unix/sysv/linux/_exit.c
fn=(470) _Exit
27 2
+4 1
+2 2

fl=(59)
fn=(234)
31 2
-1 3
+1 4
+2 3
cfi=(60) /build/glibc-Cl5G7W/glibc-2.23/string/../sysdeps/x86_64/strrchr.S
cfn=(236) rindex
calls=1 -9 
* 24
+4 5
+1 3
+2 4

fl=(53)
fn=(198)
0 11

fl=(95)
fn=(406)
25 1
+2 1
-2 1
+2 17
+1 3
fi=(94) /build/glibc-Cl5G7W/glibc-2.23/libio/libioP.h
866 2
+1 8
fe=(95)
31 3
-3 2
cfi=(87)
cfn=(378) __overflow
calls=1 230 
* 140
* 2

fl=(81)
fn=(334)
66 3
+1 3
+1 3
+1 3
+1 3
+1 3
+1 3
+2 3
+2 3
+30 3
+1 3
+1 3
+1 3
+1 3
+1 3
+1 3

fl=(84) /build/glibc-Cl5G7W/glibc-2.23/stdlib/../stdlib/strtol.c
fn=(348) strtol
106 4
cfi=(85) /build/glibc-Cl5G7W/glibc-2.23/stdlib/../stdlib/strtol_l.c
cfn=(350) ____strtol_l_internal
calls=1 227 
* 107

fl=(90)
fn=(388)
34 1
-1 1
+1 1
+1 6
+4 1

fl=(49)
fn=(184)
27 8
+4 8
-3 8

fl=(74) /build/glibc-Cl5G7W/glibc-2.23/malloc/hooks.c
fn=(302) malloc_hook_ini
29 4
fi=(75) /build/glibc-Cl5G7W/glibc-2.23/malloc/arena.c
260 1
fe=(74)
30 1
fi=(75)
260 1
fe=(74)
30 1
fi=(75)
260 1
fi=(73)
2911 7
+2 3
cfn=(318) _int_malloc
calls=1 3349 
* 1038
+3 1
-3 1
+3 1
+8 4
+2 11
fe=(74)
33 4
fi=(73)
2911 6
+12 1
cfi=(75)
cfn=(306) ptmalloc_init.part.5
calls=1 258 
* 57854
* 1
-15 2
fe=(74)

fl=(50)
fn=(190)
45 1
+1 1
+1 1
+1 1
+1 1
+1 1

fn=(186)
45 1
+1 1
+1 1
+1 1
+1 1
+1 1

fl=(64)
fn=(248)
33 3
+1 1

fl=(73)
fn=(300)
2902 4413
+5 2942
+1 2942
+3 11760
+2 4410
cfn=(318)
calls=1470 3349 
* 306773
+3 1470
-3 1470
+3 1470
+8 5880
+2 16170
+3 5880
-18 8820
-2 1
+20 3
-20 1
cfi=(74)
cfn=(302)
calls=1 29 
* 58943

fn=(322) sysmalloc
2268 48
+20 6
+11 6
-11 6
+11 6
+1 30
fi=(75)
488 18
fe=(73)
2315 30
+65 6
+1 18
+10 6
-9 6
+9 20
+6 24
+3 18
2723 12
+1 6
+8 24
+5 6
-3 6
+3 6
-2 6
+2 18
+1 6
-1 6
-1 6
+4 6
-3 12
+1 6
+8 54
2391 35
+72 6
-8 24
+8 6
+21 30
cfi=(78) /build/glibc-Cl5G7W/glibc-2.23/malloc/morecore.c
cfn=(324) __default_morecore
calls=6 46 
* 297
* 6
+1 6
+3 24
+3 12
+1 12
+20 12
+26 12
+2 12
+6 6
-6 6
+6 16
+1 25
2321 6
2464 6
+10 30
+8 6
-8 6
+8 6
+67 7
+37 2
+6 3
+19 1
+3 2
+1 5
+2 1
-2 1
+2 1
+1 3
cfi=(78)
cfn=(324)
calls=1 46 
* 25
+12 2
+8 1
+1 1
-1 2
+1 2
+39 1
+1 1
-2 1
+1 3
+12 1
-12 1
+1 1
+11 1
2539 5

fn=(318)
3349 4413
-30 2942
+30 1471
-30 5884
+30 4413
-30 1471
+30 4413
+4 4413
+14 2942
+2 2292
+2 764
-1 764
-1 764
+1 764
+5 1528
+3 95
+1 19
-1 19
+1 38
+25 2904
+2 2895
+1 2895
+2 965
-2 965
+2 1930
+2 200
+4 99
+1 198
+5 99
+1 99
+1 99
+2 297
+23 1948
+1 974
+1 4
cfn=(320) malloc_consolidate
calls=2 4144 
* 866
3819 18942
-2 1353
+2 1353
-2 1353
+2 2706
5002 1353
3817 1353
+2 1353
5004 1353
3819 1353
5004 1353
3819 4059
5004 2706
3819 5412
5002 2706
3469 2706
+66 968
+1 1452
+1 484
-1 968
+51 2420
+7 484
-6 484
+1 484
+1 484
+1 484
+3 484
-58 444
+51 2220
+7 444
-6 444
+1 444
+1 444
+1 444
+3 444
3469 6843
+3 1014
-1 1014
+1 2028
+1 2028
+3 1014
+10 3100
+34 944
-5 944
+1 944
+4 944
+13 1856
+8 2664
+1 1776
+1 444
+3 888
3382 95
1879 945
3770 945
1879 1890
3833 13239
3487 1070
+1 649
+5 70
-1 70
+5 70
-3 140
+1 70
+1 140
+1 70
+6 560
+2 210
+1 70
+3 70
1879 210
3584 1776
+19 2534
+73 2082
+1 2082
+1 2082
+1 2082
+1 2082
+5 3485
+16 6583
+2 13166
-4 15328
+8 1081
+3 2162
+2 480
+2 480
-1 480
-1 1440
-27 480
+27 480
-27 480
+4 2463
+3 3284
-3 1968
+3 1580
-3 358
+3 264
3792 440
+3 440
-2 880
+2 880
+17 12
3523 16
-1 16
+1 32
1879 16
3526 16
1879 32
3605 1437
+3 479
-3 479
+3 1905
+3 452
+1 1130
+6 452
+3 452
+1 226
-1 226
+1 3164
+3 452
+3 226
-1 226
+1 678
3448 1461
1879 24
3448 381
3692 1143
+2 762
+1 762
+24 1202
+3 1202
+5 601
-3 1202
+3 601
-3 601
+3 7860
+3 1202
+3 12
-1 12
+1 36
+12 589
+1 1178
-6 589
+17 589
-6 589
+1 589
+1 589
+1 589
+3 589
+1 589
+1 1178
+2 209
+1 209
+2 209
+2 209
-2 1463
+2 627
+1 627
-3 380
+2 380
-2 2660
+2 1140
+1 1140
+60 18
cfn=(322)
calls=6 2268 
* 1109
+1 12
-28 434
-3 434
+1 434
+2 434
-1 434
+1 868
+2 434
-2 1736
+2 434
+3 434
1879 1302
3648 678
+79 2592
3622 2712

fn=(364) _int_free
3841 3402
+13 378
-13 378
+13 756
+6 1512
+1 756
+11 1512
+13 756
+11 96
+1 72
1886 24
3921 24
1886 48
3923 72
+1 48
+4 24
-4 24
+1 24
+9 168
+9 96
+2 24
+2 144
4105 3024
3960 708
+1 1062
+15 708
+8 1062
+6 708
+1 708
+1 708
1886 1062
4001 708
+7 708
+5 706
+13 353
-1 353
+2 706
+7 353
-2 353
+1 353
+1 353
+2 243
+1 243
+2 243
+1 243
+2 729
+1 243
+30 486
-34 110
+1 110
+2 330
+1 110
+30 222
+1 2
+3 3
3962 1770
+8 354
-4 354
+4 1062
-7 708
4093 1062
+1 1062
+1 1770
3949 96
+68 706
+58 2
cfn=(320)
calls=1 +69 
* 147
* 1
-21 1
+1 3
+1 2
-80 1770
4079 5

fn=(320)
4144 6
-22 16
+23 6
+12 2
5002 2
4147 2
+11 2
-1 2
5004 2
-2 2
+2 10
4160 4
+1 4
-1 36
+1 48
+26 4
+4 4
-3 4
+1 4
+2 4
+5 4
+1 4
+1 4
-2 4
+12 4
-12 4
+3 8
+9 4
-41 4
-3 4
+3 8
+1 4
+1 8
+2 8
+7 8
+3 8
+4 8
+23 8
+3 80
+6 16
4996 4
1808 3
-3 2
+3 378
-3 252
+7 3
+5 1
+2 1
-2 2
-1 3

fn=(362)
2934 1890
+5 756
+1 756
+6 756
+5 378
-2 378
+2 756
+16 1134
+1 756
cfn=(364)
calls=378 3841 
* 39226
+1 2268

fl=(87)
fn=(460) _IO_cleanup
948 2
+3 1
-3 2
-50 1
+50 1
+3 1
cfn=(462) _IO_flush_all_lockp
calls=1 760 
* 90
-63 1
+63 1
-63 2
+10 3
+8 5
+2 2
+2 1
+1 1
-1 1
+2 2
+3 5
cfi=(88)
cfn=(464)
calls=1 450 
* 66
+2 3
+4 2
+7 3
-40 9
+2 6
+2 7
+6 12
+65 7
-42 3
+1 8

fn=(466)
522 4
+1 1
-1 2
+1 1
cfi=(88)
cfn=(468)
calls=1 868 
* 13
* 2
+9 1
-7 1
+7 1
-7 1
388 1
-5 1
+1 1
+4 1
535 1
+2 1
-2 2
+1 3
+2 4
381 1
527 1
+1 1
-1 1
+1 1
381 4

fn=(462)
760 8
+6 3
+11 2
+16 2
-17 2
-1 2
+1 3
-1 1
+1 1
+3 9
+10 6
+4 3
-2 3
+2 6
+7 3
-27 6
+31 2
+2 2
+4 9
-38 1
-6 1
+5 1
+2 2
+6 12

fn=(398) _IO_setb
380 3
+1 4
+3 1
+2 4
-3 1
+3 2
+3 3

fn=(378)
230 42
+1 1
+1 3
cfi=(88)
cfn=(380)
calls=1 808 
* 680
* 39
cfi=(88)
cfn=(380)
calls=13 808 
* 530

fn=(382)
395 2
-1 3
+3 4
+1 3
cfi=(89) /build/glibc-Cl5G7W/glibc-2.23/libio/filedoalloc.c
cfn=(384) _IO_file_doallocate
calls=1 95 
* 601
* 2
+3 4

fl=(78)
fn=(324)
46 7
+1 7
cfi=(79)
cfn=(326)
calls=7 -13 
* 273
+1 21
+4 14

fl=(47)
fn=(180)
38 1
-1 1
+1 6
fi=(48) /build/glibc-Cl5G7W/glibc-2.23/time/../sysdeps/generic/dl-hash.h
+10 3
+14 4
-17 3
+3 9
+14 12
-17 9
fe=(47)
-7 3
+3 2
-3 1
+3 1
cfi=(49)
cfn=(184)
calls=1 -14 
* 6
+1 3
+1 2

fl=(71)
fn=(288)
26 1
+9 1
+1 2
+1 1
+4 1
+1 1
+1 1
+1 1
+1 1
+2 2
+2 1
+1 1
+1 1
+2 2
+2 1
+9 1
cfi=(72)
cfn=(290)
calls=1 -36 
* 9

fl=(97)
fn=(418)
104 1
-1 1
+1 2
cfn=(420) __run_exit_handlers
calls=1 -69 
* 893

fn=(420)
35 8
+5 1
cfi=(98) /build/glibc-Cl5G7W/glibc-2.23/stdlib/cxa_thread_atexit_impl.c
cfn=(422) __call_tls_dtors
calls=1 145 
* 11
* 1
+6 8
+4 6
+3 1
-1 1
+2 5
+33 1
+1 1
-1 1
+1 1
+6 2
+1 5
cfi=(87)
cfn=(460)
calls=1 948 
* 248
* 3
+2 2
cfi=(102)
cfn=(470)
calls=1 -70 
* 5
-19 1
+4 1
-4 1
+2 1
+2 1
-2 2
+2 1
cob=(1)
cfi=(99)
cfn=(424)
calls=1 +48 
* 573
+1 1

fl=(91) /build/glibc-Cl5G7W/glibc-2.23/io/../sysdeps/posix/isatty.c
fn=(390) isatty
24 1
+3 2
cfi=(92) /build/glibc-Cl5G7W/glibc-2.23/termios/../sysdeps/unix/sysv/linux/tcgetattr.c
cfn=(392) tcgetattr
calls=1 +7 
* 69
* 2
+1 1
-1 1
+1 1

fl=(98)
fn=(422)
145 3
+1 4
+18 4

fl=(92)
fn=(392)
34 2
+4 3
-4 1
+4 4
+2 1
-2 1
+2 1
+2 1
+3 2
+18 2
-21 1
+1 1
+2 1
+1 1
-3 1
+1 1
+2 1
+17 1
-19 1
+7 2
+7 1
+5 1
cfi=(93)
cfn=(394)
calls=1 -2 
* 31
* 3
+14 4

fl=(52)
fn=(194)
37 1
-1 1
+1 6
fi=(48)
+11 3
+14 4
-17 3
+3 9
+14 12
-17 9
fe=(52)
-8 3
+3 2
-3 1
+3 1
cfi=(49)
cfn=(184)
calls=1 -13 
* 6
+1 3
+1 2

fl=(86)
fn=(376)
32 13
+3 13
-3 26
+3 182
+1 39
fi=(94)
866 26
+1 104
fe=(86)
39 39
-3 39
cfi=(87)
cfn=(378)
calls=13 230 
* 1155
* 26

fl=(60)
fn=(236)
24 1
+1 1
+1 1
+1 1
+1 1
+1 1
+1 1
+1 1
+1 1
+1 1
+1 1
+1 1
+1 1
+1 1
+1 1
+1 1
+1 1
+1 1
+1 1
+1 1
+1 1
+1 1
+1 1
+1 1

fl=(89)
fn=(384)
95 5
+15 6
cfi=(88)
cfn=(386)
calls=1 1229 
* 14
* 2
+2 4
+11 3
+4 2
cob=(2)
cfi=(16)
cfn=(396)
calls=1 0 
* 437
* 1
+2 1
-1 2
+2 4
cfi=(87)
cfn=(398)
calls=1 380 
* 18
+1 1
+1 5
-15 1
-2 9
+5 2
-42 1
+1 1
-1 1
+1 1
cfi=(91)
cfn=(390)
calls=1 -55 
* 77
+38 1
-37 1
+37 1

fl=(85)
fn=(350)
227 9
+26 2
+22 1
-1 1
+10 4
+9 6
+2 2
+5 2
+5 1
-6 1
+6 1
+4 2
+10 2
+10 3
526 8
326 2
-79 1
371 1
+64 4
+38 1
-18 1
-4 1
+22 1
-19 1
-3 1
+4 1
-4 1
+4 2
-4 2
-14 3
-4 2
+2 5
+44 2
+5 2
+6 2
+3 3
-28 3
+3 6
+5 1
+1 4
+17 3
+17 2
348 4

fl=(51)
fn=(192)
30 1
+1 1
+1 1
+1 1
+1 1
+1 1

fl=(75)
fn=(306)
258 6
+13 1
-8 1
+8 1
+6 3
+2 5
+16 2
-56 23
-18 72
+2 46
340 2
+6 2
+1 2
+2 1
+1 7
-78 5
cfi=(76)
cfn=(308)
calls=1 126 
* 57669
* 2
+1 4

fl=(96)
fn=(412)
84 2
cfn=(414) __write_nocancel
calls=1 * 
* 5

fn=(414)
84 5

fl=(46)
fn=(178)
109 1
+1 1
+1 1
+1 1
+10 1

fn=(188)
129 1
+1 1
+1 1
+1 1
+10 1

fl=(100)
fn=(446)
31 4
+17 1
-17 4
+4 4
+4 6
-4 3
+32 4
+4 6
-4 3
+12 2
+3 1
-2 1
+2 6
-2 1
cfi=(101)
cfn=(448)
calls=1 -52 
* 10

fl=(69)
fn=(270) __new_exitfn
73 2
+6 1
-6 1
+6 1
-6 1
+6 4
+2 6
+2 3
-2 1
+10 2
-10 2
+45 1
+1 1
+3 4
+3 5
-21 1
+1 2

fn=(268)
57 5
-22 1
+22 1
-22 1
cfn=(270)
calls=1 +38 
* 38
+2 2
+4 1
+3 1
+1 1
-4 2
+2 1
+4 1
+1 1
+11 4

fl=(62)
fn=(240)
482 2
+12 1
-12 3
+12 3
+2 4
cfn=(242) handle_intel
calls=1 262 
* 455
+4 2
-4 1
+4 1
cfn=(242)
calls=1 262 
* 547
+2 1
-2 1
-1 1
+3 1
+9 2
+2 1
+1 1
+2 1
+5 2
+9 4
-9 4
+9 16
-9 12
+6 8
+69 4
+1 5
+55 2
+2 1
+1 1
+2 1
-3 1
+5 1
-5 1
+4 3
+4 2
+2 1
+1 1
+2 1
-3 1
+5 1
-5 1
+4 2
+3 1
-3 1
+3 5
532 1
+32 1
-26 6
+7 5
+2 1
+1 1
+1 2
-4 4
+2 1
+1 1
+1 6
+2 2
-6 2
+6 2
+5 1
+2 2
+1 1
-1 1
+1 3
+6 1
-1 1
+1 5

fn=(242)
262 4
-1 4
+17 2
-17 12
+14 2
+1 4
-3 6
+23 8
cfn=(244) intel_check_word
calls=2 133 
* 666
+1 4
+3 10
cfn=(244)
calls=2 133 
* 238
+1 4
-17 4
+5 2
-5 6
+5 2
+2 2
+1 2
-1 4
+27 16

fn=(244)
133 8
+6 4
-7 20
+7 16
-7 4
+7 4
+2 4
-2 4
+2 4
+68 8
+3 24
-69 4
+2 8
-2 6
+2 12
+8 20
+51 16
+22 8
fi=(63) /build/glibc-Cl5G7W/glibc-2.23/string/../bits/stdlib-bsearch.h
27 8
+1 16
+3 16
+1 8
fe=(62)
+89 16
fi=(63)
-90 12
+1 6
fe=(62)
+89 12
+3 54
fi=(63)
-95 44
+2 44
-2 44
+2 80
+1 40
fe=(62)
+89 80
251 8
141 16
-6 2
256 24
fi=(63)
37 10
-8 24
fe=(62)
165 6
+3 6
+4 4
+2 4
+1 14
+2 7
-12 2
+12 2
+1 10
+1 10
+1 6
+17 3
-32 9
+3 9
+4 6
+2 6
+1 12
+2 12
+5 2
+2 4
+2 32

fl=(82)
fn=(340)
38 2
+1 1

fl=(83)
fn=(346)
26 1
+1 3
cfi=(84)
cfn=(348)
calls=1 +79 
* 111
+1 2

ob=(5)
fl=(65)
fn=(292)
0 26
cfn=(294) numCreate
calls=1 0 
0 62016
0 6
cob=(1)
cfi=(66)
cfn=(261)
calls=1 64 
0 979
0 5
0 33
cfn=(352) numMultiply
calls=6 0 
0 2764196610
0 24
cfn=(366) numDestroy
calls=6 0 
0 1356
0 42
cfn=(368) numPut
calls=1 0 
0 20448
0 3
cfn=(366)
calls=1 0 
0 394
0 7

fn=(368)
0 9
cfn=(370) numPrint
calls=1 0 
0 19371
0 2
cob=(1)
cfi=(66)
cfn=(261)
calls=1 64 
0 1058
0 5
0 3

fn=(370)
0 12371
cob=(3)
cfi=(86)
cfn=(376)
calls=12 32 
0 936
cob=(1)
cfi=(66)
cfn=(261)
calls=1 64 
0 1653
0 17
0 4394

fn=(278) 0x0000000000400930
0 16

fn=(354) numGetDigit
0 2746158259

fn=(252)
0 11
cob=(1)
cfi=(66)
cfn=(260)
calls=1 64 
0 2764284055
0 5

fn=(366)
0 56
cob=(3)
cfi=(73)
cfn=(362)
calls=7 2934 
0 938
0 7
0 21
cob=(3)
cfi=(73)
cfn=(362)
calls=7 2934 
0 700
0 7
0 21

fn=(430) 0x0000000000400890
0 8

fn=(272)
0 15
cob=(2)
cfi=(16)
cfn=(274)
calls=1 0 
0 6
0 8
cfn=(278)
calls=1 0 
0 16
0 11

fn=(294)
0 7
cob=(1)
cfi=(66)
cfn=(261)
calls=1 64 
0 59833
0 5
0 4
cob=(1)
cfi=(66)
cfn=(261)
calls=1 64 
0 929
0 5
0 9
cob=(3)
cfi=(73)
cfn=(300)
calls=1 2902 
0 195
0 1
0 10
cob=(1)
cfi=(66)
cfn=(261)
calls=1 64 
0 929
0 5
0 36
cob=(3)
cfi=(81)
cfn=(334)
calls=1 66 
0 16
0 1
0 5
cob=(3)
cfi=(81)
cfn=(334)
calls=1 66 
0 16
0 1
0 9

fn=(426)
0 5
cfn=(430)
calls=1 0 
0 8
0 3

fn=(352)
0 42
cob=(3)
cfi=(73)
cfn=(300)
calls=6 2902 
0 715
0 6
0 108
cob=(3)
cfi=(73)
cfn=(300)
calls=6 2902 
0 1490
0 6
0 758
cob=(3)
cfi=(73)
cfn=(300)
calls=364 2902 
0 117062
0 364
0 3276
cob=(3)
cfi=(73)
cfn=(300)
calls=364 2902 
0 71773
0 364
0 2912
cfn=(354)
calls=364 0 
0 890411
0 1331148
cfn=(354)
calls=132860 0 
0 401486833
0 6114836
cfn=(356) numAdd
calls=364 0 
0 2354122158
0 1820
cob=(3)
cfi=(73)
cfn=(362)
calls=363 2934 
0 47316
cob=(1)
cfi=(66)
cfn=(261)
calls=1 64 
0 982
0 368
0 1862

fn=(356)
0 2548
cob=(3)
cfi=(73)
cfn=(300)
calls=364 2902 
0 101003
0 364
0 7644
cob=(3)
cfi=(73)
cfn=(300)
calls=364 2902 
0 81719
0 364
0 1499953
cfn=(354)
calls=166257 0 
0 1046745531
0 997542
cfn=(354)
calls=166257 0 
0 1297035484
0 7650006

totals: 2764374940
