version: 1
creator: callgrind-3.11.0
pid: 5479
cmd:  ./testDeck
part: 1


desc: I1 cache: 
desc: D1 cache: 
desc: LL cache: 

desc: Timerange: Basic block 0 - 4423291575
desc: Trigger: Program termination

positions: line
events: Ir
summary: 18823928873


ob=(4) /usr/lib/valgrind/vgpreload_core-amd64-linux.so
fl=(55) ???
fn=(482) 0x0000000000000610
0 8
cob=(2) ???
cfi=(16) ???
cfn=(488) 0x0000000004a28570
calls=1 0 
0 57
0 1
cfn=(496) 0x0000000000000580
calls=1 0 
0 9
0 3

fn=(496)
0 9

fn=(220) 0x0000000000000650
0 17

ob=(3) /lib/x86_64-linux-gnu/libc-2.23.so
fl=(108) /build/glibc-Cl5G7W/glibc-2.23/stdlib/exit.c
fn=(462) exit
104 1
-1 1
+1 2
cfn=(464) __run_exit_handlers
calls=1 -69 
* 1024

fn=(464)
35 8
+5 1
cfi=(109) /build/glibc-Cl5G7W/glibc-2.23/stdlib/cxa_thread_atexit_impl.c
cfn=(466) __call_tls_dtors
calls=1 145 
* 11
* 1
+6 8
+4 6
+3 1
-1 1
+2 5
+33 1
+1 1
-1 1
+1 1
+6 2
+1 5
cfi=(75) /build/glibc-Cl5G7W/glibc-2.23/libio/genops.c
cfn=(504) _IO_cleanup
calls=1 948 
* 379
* 3
+2 2
cfi=(114) /build/glibc-Cl5G7W/glibc-2.23/posix/../sysdeps/unix/sysv/linux/_exit.c
cfn=(518) _Exit
calls=1 -70 
* 5
-19 1
+4 1
-4 1
+2 1
+2 1
-2 2
+2 1
cob=(1) /lib/x86_64-linux-gnu/ld-2.23.so
cfi=(110) /build/glibc-Cl5G7W/glibc-2.23/elf/dl-fini.c
cfn=(468) _dl_fini
calls=1 +48 
* 573
+1 1

fl=(56) /build/glibc-Cl5G7W/glibc-2.23/csu/../csu/init-first.c
fn=(228) _init
52 8
+6 3
+14 1
fi=(58) /build/glibc-Cl5G7W/glibc-2.23/csu/../sysdeps/unix/sysv/linux/x86_64/init-first.c
-36 1
fe=(56)
+34 1
+1 1
fi=(58)
-35 3
fe=(56)
+36 1
fi=(58)
-36 3
fi=(57) /build/glibc-Cl5G7W/glibc-2.23/csu/../sysdeps/generic/dl-hash.h
+12 3
+14 4
-17 3
+3 9
+14 12
-17 9
fi=(58)
-9 3
+2 2
-2 1
+2 2
cfi=(49) /build/glibc-Cl5G7W/glibc-2.23/elf/../sysdeps/unix/sysv/linux/dl-vdso.c
cfn=(184) _dl_vdso_vsym
calls=1 -11 
* 6
+1 2
+5 2
-3 2
+1 1
+2 1
cfi=(49)
cfn=(184)
calls=1 -17 
* 6
fe=(56)
+42 3
fi=(58)
-41 2
+1 1
fe=(56)
+40 1
cfi=(59) /build/glibc-Cl5G7W/glibc-2.23/misc/init-misc.c
cfn=(234) __init_misc
calls=1 -55 
* 48
+8 1
cfi=(61) /build/glibc-Cl5G7W/glibc-2.23/ctype/ctype-info.c
cfn=(238) __ctype_init
calls=1 -63 
* 16
+5 6
-34 1
-7 1
+7 4
fi=(58)
-25 2
fe=(56)

fl=(50) /build/glibc-Cl5G7W/glibc-2.23/string/../sysdeps/x86_64/multiarch/strcspn.S
fn=(190) strpbrk
45 1
+1 1
+1 1
+1 1
+1 1
+1 1

fn=(186) strcspn
45 1
+1 1
+1 1
+1 1
+1 1
+1 1

fl=(109)
fn=(466)
145 3
+1 4
+18 4

fl=(64) /build/glibc-Cl5G7W/glibc-2.23/elf/dl-altinit.c
fn=(248) dlinit_alt
33 3
+1 1

fl=(105) /build/glibc-Cl5G7W/glibc-2.23/libio/fputc.c
fn=(436) fputc
32 52103
+3 52103
-3 104206
+3 729442
+1 156309
fi=(88) /build/glibc-Cl5G7W/glibc-2.23/libio/libioP.h
866 104206
+1 416824
fe=(105)
39 156309
-3 156309
cfi=(75)
cfn=(420) __overflow
calls=52103 230 
* 2042931
* 104206

fl=(81) /build/glibc-Cl5G7W/glibc-2.23/malloc/arena.c
fn=(322) ptmalloc_init.part.5
258 6
+13 1
-8 1
+8 1
+6 3
+2 5
+16 2
-56 23
-18 72
+2 46
340 2
+6 2
+1 2
+2 1
+1 7
-78 5
cfi=(82) /build/glibc-Cl5G7W/glibc-2.23/elf/dl-addr.c
cfn=(324) _dl_addr
calls=1 126 
* 57669
* 2
+1 4

fl=(98) /build/glibc-Cl5G7W/glibc-2.23/debug/fprintf_chk.c
fn=(412) __fprintf_chk
26 573144
+4 781560
+1 104208
+1 52104
+2 52104
+1 156312
-1 260520
+1 52104
cfi=(99) /build/glibc-Cl5G7W/glibc-2.23/stdio-common/vfprintf.c
cfn=(414) vfprintf
calls=52104 1236 
* 25084138
+3 52104
-3 52104
+4 52104
-1 52104
+1 52104
fi=(104) /build/glibc-Cl5G7W/glibc-2.23/debug/../libio/libioP.h
875 52104
+1 52104
-1 52104
+1 52104
+1 416832
fe=(98)
43 260520

fl=(47) /build/glibc-Cl5G7W/glibc-2.23/time/../sysdeps/unix/sysv/linux/x86/time.c
fn=(180) time
38 1
-1 1
+1 6
fi=(48) /build/glibc-Cl5G7W/glibc-2.23/time/../sysdeps/generic/dl-hash.h
+10 3
+14 4
-17 3
+3 9
+14 12
-17 9
fe=(47)
-7 3
+3 2
-3 1
+3 1
cfi=(49)
cfn=(184)
calls=1 -14 
* 6
+1 3
+1 2

fl=(77) /build/glibc-Cl5G7W/glibc-2.23/libio/filedoalloc.c
fn=(308) _IO_file_doallocate
95 10
+15 12
cfi=(76) /build/glibc-Cl5G7W/glibc-2.23/libio/fileops.c
cfn=(310) _IO_file_stat
calls=2 1229 
* 28
* 4
+2 8
+11 6
+4 4
cob=(2)
cfi=(16)
cfn=(314) 0x0000000004c498a0
calls=2 0 
* 59137
* 2
+2 2
-1 4
+2 8
cfi=(75)
cfn=(346) _IO_setb
calls=2 380 
* 36
+1 2
+1 10
-15 1
-2 9
+5 2
-42 1
+1 1
-1 1
+1 1
cfi=(101) /build/glibc-Cl5G7W/glibc-2.23/io/../sysdeps/posix/isatty.c
cfn=(424) isatty
calls=1 -55 
* 77
+38 1
-37 1
+37 1

fl=(91) /build/glibc-Cl5G7W/glibc-2.23/stdio-common/vfscanf.c
fn=(366) _IO_vfscanf
279 80110
+11 8011
-11 16022
+11 16022
+1 8011
fi=(94) /build/glibc-Cl5G7W/glibc-2.23/stdio-common/../include/scratch_buffer.h
79 8011
fe=(91)
291 8011
fi=(94)
78 32044
fe=(91)
341 48066
+6 24033
+3 40055
+4 8011
+20 8011
-20 8011
+20 8011
-13 16022
+6 8011
+2 24033
+5 8011
-5 8011
+5 48066
2671 8011
315 8011
-30 8011
-1 16022
+95 8011
2671 8011
2215 16022
334 16022
-4 8011
-1 8011
-1 16022
-1 8011
-32 8011
-12 8011
2215 8011
383 48066
+37 24033
+23 8011
+1 8011
-1 8011
+1 8011
3024 64088
fi=(94)
86 40055
fe=(91)
3027 24033
+3 16022
+17 32044
+6 72099
449 16022
347 16022
+27 48066
+92 8011
223 8011
+1 16022
489 32044
-6 24033
+24 16022
+21 8011
+7 8011
-7 24033
+10 80110
+80 16022
+5 16022
-1 8011
+1 8011
+1 32044
+3 8011
+1 32044
-1 16022
+1 8011
-1 8011
+1 40055
+6 90045
+3 29994
-3 29994
+3 45033
-3 42
+3 63
-3 30036
+3 8011
+1 16022
+1 40055
-1 8011
+1 32044
+4 8011
-4 16022
cfi=(75)
cfn=(368) _IO_sputbackc
calls=8011 +34 
* 120165
+4 64088
-19 24033
+10 42
cfi=(75)
cfn=(300) __uflow
calls=21 348 
* 2289
* 42
+2 16022
507 72099
288 8011
3014 40055
538 16022
1404 72099
+5 8011
-5 8011
+5 16022
+9 40055
1748 40055
fi=(94)
114 32044
fe=(91)
1739 68092
+2 34046
+5 102138
+64 24033
+7 24033
+1 16022
+28 48066
cfi=(75)
cfn=(368)
calls=8011 673 
* 120165
* 8011
261 16022
+3 32044
1850 16022
+17 8011
+1 24033
-1 8011
+1 8011
-1 16022
+1 8011
cfi=(92) /build/glibc-Cl5G7W/glibc-2.23/stdlib/../stdlib/strtol.c
cfn=(370) __strtol_internal
calls=8011 98 
* 896222
+6 24033
+3 32044
+2 16022
+4 16022
2458 24033
1396 8011
+1 8011
-2 8011
+2 8011
643 8011
-4 16022
1743 9012
261 27036
+3 27036
1805 36048
+2 90066
-59 40055
+59 54
cfi=(75)
cfn=(300)
calls=18 348 
* 1962
* 72
1441 24033
+3 56077
1820 28040
+65 16022
+17 80110
-15 16022
+1 24033

fl=(52) /build/glibc-Cl5G7W/glibc-2.23/time/../sysdeps/unix/sysv/linux/x86/gettimeofday.c
fn=(194) gettimeofday
37 1
-1 1
+1 6
fi=(48)
+11 3
+14 4
-17 3
+3 9
+14 12
-17 9
fe=(52)
-8 3
+3 2
-3 1
+3 1
cfi=(49)
cfn=(184)
calls=1 -13 
* 6
+1 3
+1 2

fl=(60) /build/glibc-Cl5G7W/glibc-2.23/string/../sysdeps/x86_64/strrchr.S
fn=(236) rindex
24 1
+1 1
+1 1
+1 1
+1 1
+1 1
+1 1
+1 1
+1 1
+1 1
+1 1
+1 1
+1 1
+1 1
+1 1
+1 1
+1 1
+1 1
+1 1
+1 1
+1 1
+1 1
+1 1
+1 1

fl=(68) /build/glibc-Cl5G7W/glibc-2.23/csu/../csu/libc-start.c
fn=(266) (below main)
134 7
+4 1
-4 3
+4 3
+82 1
-82 1
+82 1
+1 4
cfi=(69) /build/glibc-Cl5G7W/glibc-2.23/stdlib/cxa_atexit.c
cfn=(268) __cxa_atexit
calls=1 57 
* 60
+22 4
+3 2
+1 5
cob=(5) /mnt/c/Users/brosa/OneDrive/Yale/Sopho/Semester 2/CS223/Hwk4/testDeck
cfi=(65) ???
cfn=(272) __libc_csu_init
calls=1 0 
* 56
+4 4
+15 2
+12 2
cfi=(70) /build/glibc-Cl5G7W/glibc-2.23/setjmp/../sysdeps/x86_64/bsd-_setjmp.S
cfn=(286) _setjmp
calls=1 30 
* 30
+1 2
+5 2
+1 2
+3 2
+3 6
cob=(5)
cfi=(73) /mnt/c/Users/brosa/OneDrive/Yale/Sopho/Semester 2/CS223/Hwk4/testDeck.c
cfn=(292) main
calls=1 33 
* 18823835410
138 2

fl=(59)
fn=(234)
31 2
-1 3
+1 4
+2 3
cfi=(60)
cfn=(236)
calls=1 -9 
* 24
+4 5
+1 3
+2 4

fl=(53) ???
fn=(198) memcpy@GLIBC_2.2.5
0 11

fl=(51) /build/glibc-Cl5G7W/glibc-2.23/string/../sysdeps/x86_64/multiarch/strspn.S
fn=(192) strspn
30 1
+1 1
+1 1
+1 1
+1 1
+1 1

fl=(111) /build/glibc-Cl5G7W/glibc-2.23/stdlib/cxa_finalize.c
fn=(490) __cxa_finalize
31 4
+17 1
-17 4
+4 4
+4 6
-4 3
+32 4
+4 6
-4 3
+12 2
+3 1
-2 1
+2 6
-2 1
cfi=(112) /build/glibc-Cl5G7W/glibc-2.23/nptl/unregister-atfork.c
cfn=(492) __unregister_atfork
calls=1 -52 
* 10

fl=(99)
fn=(414)
1236 416832
+31 156312
+8 156313
+4 260520
+11 260520
+11 52104
fi=(115) /build/glibc-Cl5G7W/glibc-2.23/stdio-common/printf-parse.h
108 156312
fe=(99)
1316 52104
-15 260520
fi=(115)
108 52104
cfi=(100) /build/glibc-Cl5G7W/glibc-2.23/string/../sysdeps/x86_64/strchr.S
cfn=(416) strchrnul
calls=52104 -84 
* 1042080
fe=(99)
1316 52104
fi=(115)
108 52104
fe=(99)
1312 52104
+4 104208
+4 416832
cfi=(76)
cfn=(418) _IO_file_xsputn@@GLIBC_2.2.5
calls=52104 -33 
* 208416
* 208416
1685 260520
+1 104208
+2 52104
+1 416832
1275 104206
+41 312624
+1 312624
+3 104208
+4 52104
-4 52104
+4 104208
+4 625248
1552 104208
-21 104208
1632 104208
-1 104208
1370 1563120
-7 104208
-1 104208
-3 104208
-1 104208
+8 104208
+4 104208
-3 104208
-10 104208
-1 104208
-1 104208
-1 104208
-1 104208
+14 104208
-15 104208
-1 104208
-1 104208
-1 104208
+18 208416
1649 104208
+2 208416
+8 104208
fi=(115)
108 208416
fe=(99)
1659 104208
fi=(115)
108 104208
fe=(99)
1659 104208
fi=(115)
108 208416
cfi=(100)
cfn=(416)
calls=104208 -84 
* 2084160
fe=(99)
1663 104208
-4 104208
+4 1146288
cfi=(76)
cfn=(418)
calls=104208 1287 
* 416832
* 1354704
+2 260520
-33 3438864
cfi=(75)
cfn=(420)
calls=104208 230 
* 4086227
* 521040

fl=(113) /build/glibc-Cl5G7W/glibc-2.23/misc/../sysdeps/unix/syscall-template.S
fn=(516) lseek
84 4
+1 1

fl=(114)
fn=(518)
27 2
+4 1
+2 2

fl=(103) /build/glibc-Cl5G7W/glibc-2.23/string/../sysdeps/x86_64/memcpy.S
fn=(428) __GI_mempcpy
61 1
+4 1
+3 1
+1 1
+2 1
+1 1
+2 1
+1 1
+5 1
+1 1
+2 1
+1 1
+2 1
+1 1
+5 1
+1 1
+11 1
+1 1
+11 1
+1 2
+5 1
+1 1
+1 1
+1 1
+2 1
+2 1
+1 1
+2 1
+6 1
+4 1

fl=(49)
fn=(184)
27 8
+4 8
-3 8

fl=(100)
fn=(416)
24 156312
+1 156312
+1 156312
+1 156312
+1 156312
+1 156312
+1 156312
+1 156312
+1 156312
+1 156312
+1 156312
+1 156312
+1 156312
+1 156312
+1 156312
+1 156312
+1 156312
+1 156312
+2 156312
+7 156312

fl=(85) /build/glibc-Cl5G7W/glibc-2.23/misc/sbrk.c
fn=(342) sbrk
34 14
+8 14
-8 42
+8 81
+4 28
+4 78
+12 5
-19 2
cfi=(86) /build/glibc-Cl5G7W/glibc-2.23/misc/../sysdeps/unix/sysv/linux/x86_64/brk.c
cfn=(344) brk
calls=1 -12 
* 12
* 4
+15 26
cfi=(86)
cfn=(344)
calls=13 -27 
* 156
* 26
+4 65

fl=(112)
fn=(492)
28 4
+8 1
+3 2
+82 3

fl=(82)
fn=(324)
126 9
+5 1
-5 2
+5 2
cob=(1)
cfi=(2) /build/glibc-Cl5G7W/glibc-2.23/elf/rtld.c
cfn=(50) rtld_lock_default_lock_recursive
calls=1 704 
* 2
+2 2
cob=(1)
cfi=(66) /build/glibc-Cl5G7W/glibc-2.23/elf/../sysdeps/x86_64/dl-trampoline.h
cfn=(261) _dl_runtime_resolve_avx'2
calls=1 -69 
* 1190
* 5
+2 2
30 1
+1 1
-1 1
+1 1
+3 2
+5 1
+6 1
-7 1
+2 2
+2 1
-2 1
+2 1
+3 1
+5 8
+2 1
+1 2
-1 1010
+1 2020
+2 3628
+9 2010
+7 24
-2 24
+2 2259
-2 2211
+2 5750
-10 11175
+2 8940
+1 14318
+7 1011
-21 2022
+49 3
+1 1
+1 3
+3 2
+37 2
cob=(1)
cfi=(2)
cfn=(52) rtld_lock_default_unlock_recursive
calls=1 710 
* 2
+3 9
-28 1
+1 1
+21 2

fl=(90) /build/glibc-Cl5G7W/glibc-2.23/stdio-common/isoc99_scanf.c
fn=(364) __isoc99_scanf
27 80110
+5 152209
+4 8011
-2 8011
+3 32044
-1 40055
+1 8011
cfi=(91)
cfn=(366)
calls=8011 279 
* 4487441
fi=(95) /build/glibc-Cl5G7W/glibc-2.23/stdio-common/../libio/libioP.h
875 8011
+1 8011
fe=(90)
37 8011
fi=(95)
876 8011
+1 64088
fe=(90)
44 32044

fl=(86)
fn=(344)
31 112
+8 14
-6 28
+7 14

fl=(76)
fn=(444) _IO_file_write@@GLIBC_2.2.5
1258 306
-2 1836
+2 1224
+4 612
+1 612
+10 918
+3 1836
-13 1224
cfi=(87) /build/glibc-Cl5G7W/glibc-2.23/io/../sysdeps/unix/syscall-template.S
cfn=(446) write
calls=306 84 
* 2142
+1 612
+5 306
+1 306
-12 1530

fn=(512) _IO_file_sync@@GLIBC_2.2.5
868 2
+5 2
-5 2
+5 6
+2 2
+1 4
+17 4
+4 4
-15 4
cfn=(514) _IO_file_seek
calls=1 1223 
* 7
+1 2
+1 3

fn=(350) _IO_file_read
1216 192
cfi=(87)
cfn=(352) read
calls=48 84 
* 336

fn=(514)
1223 2
cfi=(113)
cfn=(516)
calls=1 84 
* 5

fn=(422) _IO_file_overflow@@GLIBC_2.2.5
808 468936
+7 156312
-8 781560
+8 781556
+35 312624
+3 312624
+3 468936
+1 468936
+1 625248
+4 156312
+1 625248
-45 2
+12 2
+9 4
+8 1
-4 1
+3 2
-2 2
-3 1
+1 2
+5 1
-1 1
+1 3
+1 2
+12 1
-1 4
cfn=(442) _IO_do_write@@GLIBC_2.2.5
calls=1 494 
* 94
* 2
-5 2135
-34 2
cfi=(75)
cfn=(306) _IO_doallocbuf
calls=1 395 
* 366
+1 6
+33 915
cfn=(442)
calls=305 494 
* 28670
* 915

fn=(418)
1287 156312
-1 312624
+69 156312

fn=(442)
494 918
-2 2448
+11 612
+7 1224
+8 1530
cfn=(444)
calls=306 1258 
* 13464
* 306
+1 1530
+6 306
-4 306
+4 306
-4 918
+1 612
+3 306
-2 306
-29 1224
+1 1836
+29 612

fn=(508) _IO_file_setbuf@@GLIBC_2.2.5
450 4
+1 2
cfi=(75)
cfn=(510) _IO_default_setbuf
calls=2 +71 
* 118
* 4
+4 4
-1 4
+2 6
+2 2
+1 4

fn=(304) _IO_file_underflow@@GLIBC_2.2.5
539 144
+6 144
-14 192
+17 96
+13 96
+20 96
cfi=(75)
cfn=(348) _IO_switch_to_get_mode
calls=48 176 
* 960
+6 48
+5 192
-5 96
+1 48
+2 48
-1 96
+3 48
cfn=(350)
calls=48 1216 
* 528
+2 96
+16 48
-9 48
+9 96
+2 96
+1 192
-62 3
+5 2
cfi=(75)
cfn=(306)
calls=1 395 
* 59039
* 2

fn=(310)
1229 2
+1 6
cfi=(78) /build/glibc-Cl5G7W/glibc-2.23/io/../sysdeps/unix/sysv/linux/wordsize-64/fxstat.c
cfn=(312) _fxstat
calls=2 34 
* 20

fl=(87)
fn=(352)
84 96
cfn=(354) __read_nocancel
calls=48 * 
* 240

fn=(446)
84 612
cfn=(448) __write_nocancel
calls=306 * 
* 1530

fn=(354)
84 240

fn=(448)
84 1530

fl=(62) /build/glibc-Cl5G7W/glibc-2.23/string/../sysdeps/x86_64/cacheinfo.c
fn=(244) intel_check_word
133 8
+6 4
-7 20
+7 16
-7 4
+7 4
+2 4
-2 4
+2 4
+68 8
+3 24
-69 4
+2 8
-2 6
+2 12
+8 20
+51 16
+22 8
fi=(63) /build/glibc-Cl5G7W/glibc-2.23/string/../bits/stdlib-bsearch.h
27 8
+1 16
+3 16
+1 8
fe=(62)
+89 16
fi=(63)
-90 12
+1 6
fe=(62)
+89 12
+3 54
fi=(63)
-95 44
+2 44
-2 44
+2 80
+1 40
fe=(62)
+89 80
251 8
141 16
-6 2
256 24
fi=(63)
37 10
-8 24
fe=(62)
165 6
+3 6
+4 4
+2 4
+1 14
+2 7
-12 2
+12 2
+1 10
+1 10
+1 6
+17 3
-32 9
+3 9
+4 6
+2 6
+1 12
+2 12
+5 2
+2 4
+2 32

fn=(240) init_cacheinfo
482 2
+12 1
-12 3
+12 3
+2 4
cfn=(242) handle_intel
calls=1 262 
* 455
+4 2
-4 1
+4 1
cfn=(242)
calls=1 262 
* 547
+2 1
-2 1
-1 1
+3 1
+9 2
+2 1
+1 1
+2 1
+5 2
+9 4
-9 4
+9 16
-9 12
+6 8
+69 4
+1 5
+55 2
+2 1
+1 1
+2 1
-3 1
+5 1
-5 1
+4 3
+4 2
+2 1
+1 1
+2 1
-3 1
+5 1
-5 1
+4 2
+3 1
-3 1
+3 5
532 1
+32 1
-26 6
+7 5
+2 1
+1 1
+1 2
-4 4
+2 1
+1 1
+1 6
+2 2
-6 2
+6 2
+5 1
+2 2
+1 1
-1 1
+1 3
+6 1
-1 1
+1 5

fn=(242)
262 4
-1 4
+17 2
-17 12
+14 2
+1 4
-3 6
+23 8
cfn=(244)
calls=2 133 
* 666
+1 4
+3 10
cfn=(244)
calls=2 133 
* 238
+1 4
-17 4
+5 2
-5 6
+5 2
+2 2
+1 2
-1 4
+27 16

fl=(97) /build/glibc-Cl5G7W/glibc-2.23/ctype/../include/ctype.h
fn=(390) __ctype_b_loc
38 8014
+1 4007

fl=(75)
fn=(368)
673 16022
+3 16022
-3 16022
+3 32044
+1 64088
+9 16022
+3 32044
-10 48066

fn=(346)
380 6
+1 8
+3 2
+2 8
-3 2
+3 4
+3 6

fn=(504)
948 2
+3 1
-3 2
-50 1
+50 1
+3 1
cfn=(506) _IO_flush_all_lockp
calls=1 760 
* 90
-63 1
+63 1
-63 2
+10 6
+8 10
+2 4
+2 2
+1 2
-1 2
+2 4
+3 10
cfi=(76)
cfn=(508)
calls=2 450 
* 148
+2 6
+4 4
+7 3
-40 9
+2 6
+2 8
+6 24
+65 7
-42 6
+1 16

fn=(510)
522 8
+1 2
-1 4
+1 2
cfi=(76)
cfn=(512)
calls=2 868 
* 42
* 4
+9 2
-7 2
+7 2
-7 2
388 2
-5 2
+1 2
+4 2
535 2
+2 2
-2 4
+1 6
+2 8
381 2
527 2
+1 2
-1 2
+1 2
381 8

fn=(348)
176 96
-1 96
+1 48
+3 144
+5 48
-1 96
+1 48
+7 48
-4 48
+2 96
+2 48
+1 48
+1 96

fn=(506)
760 8
+6 3
+11 2
+16 2
-17 2
-1 2
+1 3
-1 1
+1 1
+3 9
+10 6
+4 3
-2 3
+2 6
+7 3
-27 6
+31 2
+2 2
+4 9
-38 1
-6 1
+5 1
+2 2
+6 12

fn=(420)
230 468936
+2 468936
cfi=(76)
cfn=(422)
calls=156312 808 
* 5191426

fn=(302) _IO_default_uflow
413 48
-1 96
+1 48
cfi=(76)
cfn=(304)
calls=48 539 
* 62454
+1 96
+2 192
+1 96

fn=(306)
395 4
-1 6
+3 8
+1 6
cfi=(77)
cfn=(308)
calls=2 95 
* 59369
* 4
+3 8

fn=(300)
348 48
+2 145
+6 288
+3 96
+2 96
+6 96
+7 96
+1 48
-1 96
cfn=(302)
calls=48 +39 
* 63030
-24 94
+22 144

fl=(93) /build/glibc-Cl5G7W/glibc-2.23/stdlib/../stdlib/strtol_l.c
fn=(372) ____strtol_l_internal
227 72099
+26 16022
+22 8011
-1 8011
+10 32044
+9 48066
+2 16022
+5 16022
+5 8011
-6 8011
+6 8011
+4 16022
+10 16022
+10 24033
526 64088
326 16022
-79 8011
371 8011
+64 32044
+38 8011
-18 8011
-4 8011
+22 8011
-19 8011
-3 8011
+4 8011
-4 8011
+4 16022
-4 16022
-14 27036
-4 18024
+2 44059
+44 16022
+5 16022
+1 8011
+5 16022
+3 24033
-28 27036
+3 38050
+5 9012
+1 36048
+17 24033
+17 16022
348 32044

fl=(79) /build/glibc-Cl5G7W/glibc-2.23/malloc/malloc.c
fn=(316) malloc
2902 235081011
+5 156720674
+1 156720674
+3 626882688
+2 235081008
cfn=(334) _int_malloc
calls=78360336 3349 
* 4549736367
+3 78360336
-3 78360336
+3 78360336
+8 313441344
+2 861963696
+3 313441344
-18 470162016
-2 1
+20 3
-20 1
cfi=(80) /build/glibc-Cl5G7W/glibc-2.23/malloc/hooks.c
cfn=(318) malloc_hook_ini
calls=1 29 
* 58940

fn=(334)
3349 235081011
-30 156720674
+30 78360337
-30 313441348
+30 235081011
-30 78360337
+30 235081011
+4 235081011
+14 156720674
+2 235081005
+2 78360335
-1 78360335
-1 78360335
+1 78360335
+5 156720670
+3 391536135
+1 78307227
-1 78307227
+1 156614454
+25 106220
+2 159330
+1 159330
+2 53110
-2 53110
+2 106220
+2 2
+39 2
cfn=(336) malloc_consolidate
calls=1 4144 
* 651
3819 743540
-2 53110
+2 53110
-2 53110
+2 106220
5002 53110
3817 53110
+2 53110
5004 53110
3819 53110
5004 53110
3819 159330
5004 106220
3819 212440
5002 106220
3469 265610
-87 391536135
1879 78307227
3770 78307227
1879 156614454
3833 705243033
3603 106244
+73 106244
+1 106244
+1 106244
+1 106244
+1 106244
+5 106244
+4 159366
+3 212488
-3 159366
+3 212488
-3 106244
+3 159360
3792 53122
+3 53122
-2 106244
+2 106244
+17 50
+2 24
cfn=(336)
calls=12 4144 
* 1356
+3 12
-1 12
+1 12
-1 12
1879 52
3827 39
cfn=(338) sysmalloc
calls=13 2268 
* 2313
+1 26
-28 53097
-3 53097
+1 53097
+2 53097
-1 53097
+1 106194
+2 53097
-2 212388
+2 53097
+3 53097
1879 159291

fn=(400) _int_free
3841 705234006
+13 78359334
-13 78359334
+13 156718668
+6 313437336
+1 156718668
+11 313437336
+13 156718668
+11 313437336
+1 235078002
1886 78359334
3921 78359334
1886 156718668
3923 235078002
+1 156718668
+4 78359334
-4 78359334
+1 78359334
+9 548515338
+9 313437336
+2 78359334
+2 470156004
4105 626874672
3949 313437336

fn=(336)
4144 26
-22 96
+23 36
+12 12
5002 12
4147 12
+11 12
-1 12
5004 12
-2 12
+2 60
4160 24
+1 24
-1 216
+1 216
+50 480
+6 96
4996 4
1808 3
-3 2
+3 378
-3 252
+7 3
+5 1
+2 1
-2 2
-1 3

fn=(398) free
2934 391796670
+5 156718668
+1 156718668
+6 156718668
+5 78359334
-2 78359334
+2 156718668
+16 235078002
+1 156718668
cfn=(400)
calls=78359334 3841 
* 5798590716
+1 470156004

fn=(338)
2268 104
+20 13
+11 13
-11 13
+11 13
+1 65
fi=(81)
488 39
fe=(79)
2315 65
+65 13
+1 39
+10 13
-9 13
+9 41
+6 52
+3 39
2723 26
+1 13
+8 52
+5 13
-3 13
+3 13
-2 13
+2 39
+1 13
-1 13
-1 13
+4 13
-3 26
+1 13
+8 117
2391 84
+72 13
-8 52
+8 13
+21 65
cfi=(84) /build/glibc-Cl5G7W/glibc-2.23/malloc/morecore.c
cfn=(340) __default_morecore
calls=13 46 
* 626
* 13
+1 13
+3 52
+3 26
+1 26
+20 26
+26 26
+2 26
+6 13
-6 13
+6 37
+1 60
2321 13
2464 13
+10 65
+8 13
-8 13
+8 13
+67 7
+37 2
+6 3
+19 1
+3 2
+1 5
+2 1
-2 1
+2 1
+1 3
cfi=(84)
cfn=(340)
calls=1 46 
* 25
+12 2
+8 1
+1 1
-1 2
+1 2
+39 1
+1 1
-2 1
+1 3
+12 1
-12 1
+1 1
+11 1
2539 5

fl=(61)
fn=(238)
31 5
+2 1
+2 1
-4 1
+4 1
-4 1
+2 3
+2 3

fl=(70)
fn=(286)
30 1
+2 1
cfi=(71) /build/glibc-Cl5G7W/glibc-2.23/setjmp/../sysdeps/x86_64/setjmp.S
cfn=(288) __sigsetjmp
calls=1 -6 
* 28

fl=(101)
fn=(424)
24 1
+3 2
cfi=(102) /build/glibc-Cl5G7W/glibc-2.23/termios/../sysdeps/unix/sysv/linux/tcgetattr.c
cfn=(426) tcgetattr
calls=1 +7 
* 69
* 2
+1 1
-1 1
+1 1

fl=(84)
fn=(340)
46 14
+1 14
cfi=(85)
cfn=(342)
calls=14 -13 
* 553
+1 42
+4 28

fl=(74) /build/glibc-Cl5G7W/glibc-2.23/libio/getc.c
fn=(298) getc
34 8105
+3 8105
-3 8105
+3 113470
+1 48603
fi=(88)
866 16210
+1 64840
fe=(74)
41 24315
-3 18
cfi=(75)
cfn=(300)
calls=9 348 
* 60026
* 18

fl=(102)
fn=(426)
34 2
+4 3
-4 1
+4 4
+2 1
-2 1
+2 1
+2 1
+3 2
+18 2
-21 1
+1 1
+2 1
+1 1
-3 1
+1 1
+2 1
+17 1
-19 1
+7 2
+7 1
+5 1
cfi=(103)
cfn=(428)
calls=1 -2 
* 31
* 3
+14 4

fl=(71)
fn=(288)
26 1
+9 1
+1 2
+1 1
+4 1
+1 1
+1 1
+1 1
+1 1
+2 2
+2 1
+1 1
+1 1
+2 2
+2 1
+9 1
cfi=(72) /build/glibc-Cl5G7W/glibc-2.23/setjmp/sigjmp.c
cfn=(290) __sigjmp_save
calls=1 -36 
* 9

fl=(92)
fn=(370)
98 24033
cfi=(93)
cfn=(372)
calls=8011 227 
* 872189

fl=(107) /build/glibc-Cl5G7W/glibc-2.23/libio/putc.c
fn=(454) putc
25 1
+3 1
-3 2
+3 14
+1 3
fi=(88)
866 2
+1 8
fe=(107)
32 3
-3 3
cfi=(75)
cfn=(420)
calls=1 230 
* 140
* 2

fl=(46) /build/glibc-Cl5G7W/glibc-2.23/string/../sysdeps/x86_64/multiarch/strcmp.S
fn=(188) strncasecmp
129 1
+1 1
+1 1
+1 1
+10 1

fn=(178) strcasecmp
109 1
+1 1
+1 1
+1 1
+10 1

fl=(80)
fn=(318)
29 4
fi=(81)
260 1
fe=(80)
30 1
fi=(81)
260 1
fe=(80)
30 1
fi=(81)
260 1
fi=(79)
2911 7
+2 3
cfn=(334)
calls=1 3349 
* 1035
+3 1
-3 1
+3 1
+8 4
+2 11
fe=(80)
33 4
fi=(79)
2911 6
+12 1
cfi=(81)
cfn=(322)
calls=1 258 
* 57854
* 1
-15 2
fe=(80)

fl=(72)
fn=(290)
28 1
+1 1
-1 2
+1 2
+5 3

fl=(78)
fn=(312)
34 2
-1 2
+1 2
+1 12
+4 2

fl=(69)
fn=(268)
57 5
-22 1
+22 1
-22 1
cfn=(270) __new_exitfn
calls=1 +38 
* 38
+2 2
+4 1
+3 1
+1 1
-4 2
+2 1
+4 1
+1 1
+11 4

fn=(270)
73 2
+6 1
-6 1
+6 1
-6 1
+6 4
+2 6
+2 3
-2 1
+10 2
-10 2
+45 1
+1 1
+3 4
+3 5
-21 1
+1 2

ob=(5)
fl=(65)
fn=(278) 0x0000000000400d00
0 16

fn=(474) 0x0000000000400c60
0 8

fn=(470) 0x0000000000400ce0
0 5
cfn=(474)
calls=1 0 
0 8
0 3

fn=(272)
0 15
cob=(2)
cfi=(16)
cfn=(274) 0x0000000000400750
calls=1 0 
0 6
0 8
cfn=(278)
calls=1 0 
0 16
0 11

fn=(252) _start
0 11
cob=(1)
cfi=(66)
cfn=(260) _dl_runtime_resolve_avx
calls=1 64 
0 18823836598
0 5

fl=(96) /mnt/c/Users/brosa/OneDrive/Yale/Sopho/Semester 2/CS223/Hwk4/deck.c
fn=(378) deckCreate
37 2004
+6 1002
-6 4008
+6 1002
cob=(3)
cfi=(79)
cfn=(316)
calls=1001 2902 
* 104195
cob=(1)
cfi=(66)
cfn=(261)
calls=1 +21 
* 1068
* 1006
* 1002
+1 5010
+6 2004
+2 1002
-2 3006
+1 1002
+1 2004
cfn=(384) deckPutCard
calls=1002 +44 
* 122426
-8 9018
+6 6012
+2 3006
-2 9018
+1 3006
+1 6012
cfn=(384)
calls=3006 +44 
* 643284
-2 96192
+2 48096
-2 144288
+1 48096
+1 96192
cfn=(384)
calls=48096 +44 
* 10296185
-5 108216
-1 8016
+10 7014

fn=(404) deckSplit
119 7007
+4 1001
-4 5005
+4 1001
cob=(3)
cfi=(79)
cfn=(316)
calls=1001 2902 
* 104104
* 1001
+1 1001
-1 1001
+1 1001
cob=(3)
cfi=(79)
cfn=(316)
calls=1001 2902 
* 104104
* 1001
+2 1001
-1 4004
+1 1001
-53 1001
+54 3003
-54 16016
+54 32032
-44 34034
+43 17017
-41 51051
+2 17017
cob=(3)
cfi=(79)
cfn=(398)
calls=17017 2934 
* 1701700
* 17017
* 34034
+41 85085
cfn=(384)
calls=17017 -32 
* 2092090
-2 34034
+10 2002
+1 2002
+1 8008

fn=(406) deckPrint
184 3
+2 1
+1 4
fi=(106) /usr/include/x86_64-linux-gnu/bits/stdio2.h
-90 7
cob=(1)
cfi=(66)
cfn=(261)
calls=1 -33 
* 1809
* 5
* 364721
cob=(3)
cfi=(98)
cfn=(412)
calls=52103 -71 
* 28261547
* 52103
fe=(96)
+93 52104
+1 104208
+1 156309
cob=(3)
cfi=(105)
cfn=(436)
calls=52102 32 
* 4074870
cob=(1)
cfi=(66)
cfn=(261)
calls=1 64 
* 959
* 52107
* 52103
+3 4

fn=(402) deckDestroy
60 8010
+13 4005
-12 8011
+24 2
+2 1
cob=(3)
cfi=(79)
cfn=(398)
calls=1 2934 
* 100
* 1
-2 104206
+2 52103
cob=(3)
cfi=(79)
cfn=(398)
calls=52103 2934 
* 5210300
* 52103
-14 52104
-12 104208
+3 4005
+1 4005
-1 4005
cob=(3)
cfi=(79)
cfn=(398)
calls=4005 2934 
* 400500
* 4005

fn=(384)
96 235065987
+2 78355329
-2 156710658
+2 78355329
cob=(3)
cfi=(79)
cfn=(316)
calls=78355329 2902 
* 8153608321
* 78355329
+4 78355329
-2 78355329
+1 78355329
+1 78355329
+4 156702648
+2 78351324
+2 313405296
-7 4005
+5 4005
+2 16020

fn=(392) deckShuffle
153 16016
+5 2002
-5 2002
+5 2002
cob=(3)
cfi=(79)
cfn=(316)
calls=2002 2902 
* 390721
* 2002
* 2002
+1 4004
+2 2002
-78 52190138
+2 78285207
+2 26095069
cob=(3)
cfi=(79)
cfn=(398)
calls=26095068 2934 
* 2609506800
cob=(1)
cfi=(66)
cfn=(261)
calls=1 -23 
* 998
* 26095073
* 26095069
+76 104380276
cfn=(384)
calls=26095069 -67 
* 3209691485
-90 26095069
+91 52190138
-91 26097071
+88 52196144
-78 52122070
+2 52122070
-2 52122070
+2 104244140
+2 52122070
cob=(3)
cfi=(79)
cfn=(398)
calls=52122070 2934 
* 5212207000
* 52122070
* 52122070
+84 260610350
cfn=(384)
calls=52122070 -75 
* 6411014610
-98 52124072
+96 104248144
+4 4004
cfn=(402)
calls=2002 60 
* 218218
+1 4004
cfn=(402)
calls=2002 60 
* 218218
+4 18018
-95 138138
+2 207207
+2 69069
cob=(3)
cfi=(79)
cfn=(398)
calls=69069 2934 
* 6906900
* 69069
* 138138
+79 345345
cfn=(384)
calls=69069 -70 
* 8495487
* 69069

fl=(73)
fn=(292)
33 8
+1 1
+37 1
-37 2
fi=(89) /usr/include/x86_64-linux-gnu/bits/stdio.h
+12 2
cob=(1)
cfi=(66)
cfn=(261)
calls=1 +18 
* 60072
* 5
* 16034
cob=(3)
cfi=(74)
cfn=(298)
calls=8017 -12 
* 289492
* 8017
fe=(73)
* 24054
+1 32076
+53 168
fi=(89)
-54 174
cob=(3)
cfi=(74)
cfn=(298)
calls=87 -12 
* 3132
* 87
fe=(73)
+54 177
-5 2
cob=(1)
cfi=(66)
cfn=(261)
calls=1 -31 
* 1909
* 5
-6 4
cob=(3)
cfi=(90)
cfn=(364)
calls=1 -62 
* 597
* 1
* 2
+1 4
cfi=(96)
cfn=(406)
calls=1 +94 
* 33172864
fi=(89)
-9 3
cob=(1)
cfi=(66)
cfn=(261)
calls=1 -17 
* 1101
* 5
* 1
fe=(73)
-27 4
cob=(3)
cfi=(90)
cfn=(364)
calls=1 -27 
* 597
* 1
* 2
+1 3
cfi=(96)
cfn=(402)
calls=1 +5 
* 5575238
+1 1
-7 4008
cob=(3)
cfi=(90)
cfn=(364)
calls=1001 -22 
* 598043
cob=(1)
cfi=(66)
cfn=(261)
calls=1 +15 
* 1571
* 1006
* 2004
+1 2004
cfi=(96)
cfn=(378)
calls=1002 -13 
* 11783392
* 1002
+1 1002
+25 4004
cob=(3)
cfi=(90)
cfn=(364)
calls=1001 -49 
* 613278
* 1001
* 2002
+1 4004
cob=(3)
cfi=(90)
cfn=(364)
calls=1001 -50 
* 613058
* 1001
* 2002
+1 4004
cob=(3)
cfi=(90)
cfn=(364)
calls=1001 -51 
* 665336
* 1001
* 2002
+1 7007
cfi=(96)
cfn=(404)
calls=1001 +40 
* 4380376
+1 1001
+3 8008
cob=(3)
cfi=(90)
cfn=(364)
calls=2002 -56 
* 1226556
* 2002
* 4004
+1 8008
cob=(3)
cfi=(90)
cfn=(364)
calls=2002 -57 
* 1226006
* 2002
* 4004
+1 10010
cfi=(96)
cfn=(392)
calls=2002 +68 
* 18763422910
* 2002
+1 2002
+18 4007
cob=(3)
cfi=(97)
cfn=(390)
calls=4006 -66 
* 12018
cob=(1)
cfi=(66)
cfn=(261)
calls=1 -40 
* 877
* 4011
* 16028

ob=(2)
fl=(16)
fn=(82) 0x0000000004000ab0
0 1
cob=(1)
cfi=(17) /build/glibc-Cl5G7W/glibc-2.23/elf/dl-minimal.c
cfn=(84) free
calls=1 120 
0 6

fn=(480) 0x0000000000401134
0 3

fn=(216) 0x0000000004a28530
0 6

fn=(274)
0 6

fn=(488)
0 1
cob=(3)
cfi=(111)
cfn=(490)
calls=1 31 
0 56

fn=(502) 0x0000000004a287b8
0 3

fn=(314)
0 2
cob=(3)
cfi=(79)
cfn=(316)
calls=2 2902 
0 59135

ob=(1)
fl=(27) /build/glibc-Cl5G7W/glibc-2.23/string/../sysdeps/x86_64/multiarch/../strchr.S
fn=(74) index
24 7
+1 7
+1 7
+1 7
+1 7
+1 7
+1 7
+1 7
+1 7
+1 7
+1 7
+1 7
+1 7
+1 7
+1 7
+1 7
+1 7
+1 5
+4 5
+1 5
+1 5
+1 5
+2 5
+4 2
+1 2
+1 2
+1 2
+1 2
+1 2
+1 2
+1 2
+1 2
+1 2
+1 2
+1 2
+1 2
+1 2
+1 2
+1 2
+1 2
+1 2
+1 2
+1 2
+1 2
+1 2
+1 2
+1 2
+52 2
+4 2
+1 2
+1 2
+1 2
+2 2

fl=(39) /build/glibc-Cl5G7W/glibc-2.23/misc/../sysdeps/unix/syscall-template.S
fn=(208) munmap
84 4
+1 1

fn=(126) mprotect
84 24
+1 6

fl=(21) /build/glibc-Cl5G7W/glibc-2.23/posix/../sysdeps/unix/syscall-template.S
fn=(62) uname
84 4
+1 1

fl=(9) /build/glibc-Cl5G7W/glibc-2.23/elf/../sysdeps/unix/sysv/linux/dl-sysdep.c
fn=(60) _dl_discover_osversion
45 7
+2 3
+85 8
-45 3
cfi=(21)
cfn=(62)
calls=1 -3 
* 5
* 1
+15 1
-15 1
+20 1
-1 1
+3 12
+4 3
-2 6
+2 9
+7 3
-1 3
+4 3
-2 3
+2 10
+5 2

fl=(12) /build/glibc-Cl5G7W/glibc-2.23/elf/../misc/sbrk.c
fn=(24) sbrk
34 4
+8 6
+4 2
+16 5

fl=(13) /build/glibc-Cl5G7W/glibc-2.23/elf/dl-environ.c
fn=(28) _dl_next_ld_env_entry
30 3
+3 10
+13 21
-13 63
+2 46
+1 18
+5 2
-3 2
+3 2
+2 2
-12 1
+19 1

fl=(30) /build/glibc-Cl5G7W/glibc-2.23/elf/dl-tls.c
fn=(88) _dl_count_modids
115 2
+1 2

fn=(202) _dl_allocate_tls_init
450 2
-1 7
+5 1
+6 3
-6 1
+6 1
-4 1
+16 1
-15 3
+20 6
+6 16
+3 1
+1 2
+6 3
+3 1
-2 2
+2 4
+1 1
+3 1
-1 3
+4 2
+1 4
+2 2
+9 6
cfi=(25) /build/glibc-Cl5G7W/glibc-2.23/string/../sysdeps/x86_64/memcpy.S
cfn=(70) mempcpy
calls=1 61 
* 23
* 4
cfi=(26) /build/glibc-Cl5G7W/glibc-2.23/string/../sysdeps/x86_64/multiarch/../memset.S
cfn=(72) memset
calls=1 53 
* 30
* 2
-38 3
+52 2
+2 1
+1 8

fn=(200) _dl_add_to_slotinfo
890 3
+9 1
-9 1
+6 2
+8 5
+41 1
+1 3
+1 4

fn=(148) _dl_next_tls_modid
49 1
+3 4
+48 1
+4 2

fn=(164) _dl_allocate_tls_storage
354 3
+2 1
+11 3
cfi=(17)
cfn=(44) __libc_memalign
calls=1 52 
* 76
* 1
+1 2
+7 2
+4 1
-57 1
+57 296
-58 2
+1 2
cfi=(17)
cfn=(36) calloc
calls=1 103 
* 38
* 1
+1 2
+3 1
+6 2
+64 5

fn=(162) _dl_determine_tlsoffset
138 7
+6 3
+3 2
+36 3
+2 10
+3 1
-1 1
+5 2
-5 3
+3 3
+2 5
+16 3
+2 2
-2 2
+2 2
+10 1
-37 2
+25 1
-25 4
+40 4
+1 1
+51 1
+1 8

fl=(67) /build/glibc-Cl5G7W/glibc-2.23/elf/../elf/dl-runtime.c
fn=(262) _dl_fixup
66 22
+5 22
-5 11
+3 22
+3 11
-1 22
-3 11
+5 66
+1 11
-1 11
+1 22
+5 22
+4 22
+4 33
+4 11
+1 55
+2 44
+7 22
-1 11
+1 11
+10 99
cfi=(6) /build/glibc-Cl5G7W/glibc-2.23/elf/dl-lookup.c
cfn=(172) _dl_lookup_symbol_x
calls=11 806 
* 8827
* 11
+4 55
+10 66
+16 11
-8 11
+8 33
+4 33
fi=(5) /build/glibc-Cl5G7W/glibc-2.23/elf/../sysdeps/x86_64/dl-machine.h
+90 11
fe=(67)
-86 33

fl=(54) /build/glibc-Cl5G7W/glibc-2.23/elf/dl-init.c
fn=(212) _dl_init
80 11
+1 1
+1 1
+3 3
+8 2
+1 2
+25 15
+1 12
-90 20
cfn=(214) call_init.part.0
calls=3 -2 
* 1450
* 3
+96 8
-96 2
+58 2
+16 1
cfn=(214)
calls=1 -76 
* 76
* 1

fn=(214)
28 20
+8 4
+3 4
-3 8
+3 12
+5 21
+5 4
+9 12
cob=(3)
cfi=(56)
cfn=(228)
calls=1 -6 
* 176
cob=(2)
cfi=(16)
cfn=(216)
calls=1 -58 
* 6
* 2
+4 4
+6 2
+2 4
-2 4
+3 10
+1 8
cob=(3)
cfi=(62)
cfn=(240)
calls=1 482 
* 1161
cob=(4)
cfi=(55)
cfn=(220)
calls=1 -72 
* 17
* 4
cob=(3)
cfi=(64)
cfn=(248)
calls=1 -39 
* 4
* 3
-1 6
+3 24
-29 3
-5 3

fl=(45) /build/glibc-Cl5G7W/glibc-2.23/elf/dl-reloc.c
fn=(166) _dl_relocate_object
149 40
+15 4
-15 8
+15 4
+1 24
+6 8
+6 12
-18 8
+22 8
+7 4
-32 4
+32 4
+44 4
fi=(5)
76 12
fe=(45)
232 8
fi=(5)
76 12
+6 6
+4 9
+14 3
-8 3
+10 3
-2 6
+20 6
+9 3
fe=(45)
258 164
-98 18
fi=(5)
301 24
fe=(45)
-43 3
fi=(4) /build/glibc-Cl5G7W/glibc-2.23/elf/do-rel.h
58 3
-10 3
-1 6
+11 3
-11 3
+11 3
fe=(45)
258 1
-98 6
fi=(5)
301 8
fe=(45)
-43 1
fi=(4)
58 1
-10 1
-1 2
+11 1
-11 1
+11 1
fe=(45)
258 4
fi=(4)
58 4
-10 4
-1 8
+11 4
-11 4
+11 4
+3 15
fi=(5)
528 36
+4 36
+2 54
+1 18
fi=(4)
61 75
+2 104
+2 26
-4 3
+13 6
+1 5
+1 16
fi=(5)
528 8
+26 8
fi=(4)
75 8
fi=(5)
554 16
cob=(3)
cfi=(53)
cfn=(198)
calls=1 0 
* 11
cob=(3)
cfi=(52)
cfn=(194)
calls=1 37 
* 66
cob=(3)
cfi=(51)
cfn=(192)
calls=1 30 
* 6
cob=(3)
cfi=(50)
cfn=(190)
calls=1 45 
* 6
cob=(3)
cfi=(46)
cfn=(188)
calls=1 129 
* 5
cob=(3)
cfi=(50)
cfn=(186)
calls=1 45 
* 6
cob=(3)
cfi=(47)
cfn=(180)
calls=1 38 
* 66
cob=(3)
cfi=(46)
cfn=(178)
calls=1 109 
* 5
fi=(4)
75 8
fi=(5)
555 8
fi=(4)
75 11
fe=(45)
258 2
fi=(4)
75 14
fe=(45)
258 14
+3 16
+24 4
+3 8
+17 12
+2 32
fi=(4)
84 5
-1 5
+3 10
-3 5
+3 5
+12 15
+10 6
+3 8
fi=(5)
512 2
fi=(4)
112 4
fi=(5)
512 1194
fi=(4)
112 2380
fi=(5)
512 2380
+5 2384
+1 2384
fi=(4)
111 2384
fi=(5)
518 1192
fi=(4)
111 1192
+7 15
+6 4
-3 8
+3 10
fi=(5)
447 9
fi=(4)
127 380
+9 190
+3 95
-3 95
+3 95
fi=(5)
269 95
fi=(4)
138 95
-2 95
+1 380
fi=(5)
269 95
+21 190
+4 190
+7 1812
fi=(4)
137 75
fi=(5)
301 150
fi=(4)
137 75
fi=(5)
301 75
fi=(4)
137 75
fi=(5)
301 150
fi=(4)
137 3
fi=(5)
301 6
fi=(4)
137 3
fi=(5)
301 3
fi=(4)
137 3
fi=(5)
301 1098
cfi=(6)
cfn=(172)
calls=78 806 
* 43698
* 624
+2 243
+3 93
-3 186
+3 279
+6 570
fe=(45)
178 8
fi=(5)
435 234
fi=(4)
124 291
+19 6
fi=(5)
301 63
fi=(4)
108 3
fi=(5)
407 42
+4 70
+14 70
+49 9
+4 21
cfi=(18) /build/glibc-Cl5G7W/glibc-2.23/string/../sysdeps/x86_64/multiarch/../memcpy.S
cfn=(46) memcpy
calls=3 61 
* 54
+2 12
+1 3
fe=(45)
313 20
+3 4
-3 8
+3 4
+4 8
+1 16
cfi=(39)
cfn=(126)
calls=4 84 
* 20
* 12
fi=(5)
123 15
+6 12
fe=(45)
258 3
fi=(4)
129 8
fi=(5)
301 87
fi=(4)
160 7
+2 20
+8 10
+1 5
-1 5
+1 5
fi=(5)
+98 5
fi=(4)
-99 15
fi=(5)
+99 5
+21 10
+4 10
+7 180
cfi=(6)
cfn=(172)
calls=5 806 
* 2409
* 35
+2 15
+3 1
-3 2
+3 3
+6 30
435 15
fi=(4)
160 17
+14 2
fi=(5)
301 6
fe=(45)

fl=(2)
fn=(92) handle_ld_preload
757 7
+1 1
-1 1
-75 1
+86 1
-11 1
-75 6
+80 3
fi=(31) /build/glibc-Cl5G7W/glibc-2.23/elf/../string/bits/string2.h
961 1
+1 145
+1 46
-2 46
+2 46
-2 139
+2 1
-2 3
fe=(2)
766 2
+10 4
108 3
779 2
677 1
+5 5
-10 1
+4 1
+1 1
+1 1
+2 1
+2 1
cfi=(32) /build/glibc-Cl5G7W/glibc-2.23/elf/dl-error.c
cfn=(96) _dl_catch_error
calls=1 163 
* 2434
+1 3
+13 3
+84 1
-18 3
+21 9
-15 4
cfi=(18)
cfn=(46)
calls=1 61 
* 81
* 1
+1 2

fn=(52)
710 10

fn=(152) version_check_doit
529 2
+2 4
cfi=(44) /build/glibc-Cl5G7W/glibc-2.23/elf/dl-version.c
cfn=(154) _dl_check_all_versions
calls=1 380 
* 3228
* 2
+4 2

fn=(98) _dl_initial_error_catch_tsd
664 8

fn=(26) dl_main
790 1
+19 1
-19 7
2390 1
790 3
+19 1
+3 1
-22 1
2385 1
812 1
+4 2
+1 2
+5 2
2383 2
+7 4
-4 1
+4 8
+2 2
cfi=(13)
cfn=(28)
calls=1 30 
* 34
* 4
cfi=(13)
cfn=(28)
calls=2 30 
* 137
* 9
+4 50
+1 19
-1 57
+3 4
+6 14
2553 3
+30 3
832 3
1033 7
cfi=(15) /build/glibc-Cl5G7W/glibc-2.23/elf/dl-object.c
cfn=(32) _dl_new_object
calls=1 61 
* 250
+2 1
-2 1
+2 1
+1 1
+1 1
+5 2
-5 1
+1 2
+4 1
cfi=(15)
cfn=(48) _dl_add_to_namespace_list
calls=1 32 
* 33
+1 3
799 1
1072 1
-3 1
-5 1
+1 1
+2 1
+5 7
+56 5
-55 24
-1 27
+1 47
1175 5
+3 2
+2 2
+2 3
+13 3
+1 6
cfi=(19) /build/glibc-Cl5G7W/glibc-2.23/string/../sysdeps/x86_64/multiarch/../strcmp.S
cfn=(54) strcmp
calls=1 144 
* 44
* 2
+7 1
+3 1
-5 1
+3 1
+2 1
+1 2
+4 2
+2 2
fi=(3) /build/glibc-Cl5G7W/glibc-2.23/elf/get-dynamic-info.h
30 1
+9 2
+6 1
-2 1
+2 2
+15 1
+5 1
+3 1
+2 1
-3 1
-3 1
-3 14
+10 3
-26 9
+16 19
+10 19
-26 57
+26 1
-26 3
+2 46
+13 16
+2 4
+16 3
+38 3
+5 2
+7 2
+1 3
+16 3
+14 3
+18 2
fe=(2)
1218 2
cfi=(6)
cfn=(10) _dl_setup_hash
calls=1 956 
* 23
+3 2
fi=(20) /build/glibc-Cl5G7W/glibc-2.23/elf/setup-vdso.h
24 2
fe=(2)
1243 1
cfi=(9)
cfn=(60)
calls=1 45 
* 85
* 8
-75 2
+1 2
+1 1
-6 2
+1 1
-88 3
+1 1
+50 2
-1 8
+2 4
+1 1
+3 2
+1 2
-1 2
+1 2
+1 2
+1 6
+1 2
-43 1
-2 2
+27 1
-25 2
+7 1
-10 1
+10 1
-19 3
+1 1
fi=(3)
65 4
+3 4
+2 4
fe=(2)
2480 1
+1 1
-1 2
+1 3
cfi=(14) /build/glibc-Cl5G7W/glibc-2.23/string/../sysdeps/x86_64/multiarch/../memcmp.S
cfn=(30) bcmp
calls=1 24 
* 31
* 2
-55 4
cfi=(14)
cfn=(30)
calls=1 24 
* 18
* 2
+7 4
cfi=(14)
cfn=(30)
calls=1 24 
* 36
* 2
+2 3
+48 3
1248 2
cfi=(22) /build/glibc-Cl5G7W/glibc-2.23/elf/dl-load.c
cfn=(64) _dl_init_paths
calls=1 689 
* 1578
+3 3
cfi=(29) /build/glibc-Cl5G7W/glibc-2.23/elf/dl-debug.c
cfn=(86) _dl_debug_initialize
calls=1 50 
* 17
+7 1
-7 1
+2 1
+5 1
+3 3
+1 1
+3 1
-3 3
+1 2
+3 1
+5 1
-7 1
+7 1
+1 5
+17 2
+1 2
+5 1
-3 4
+2 2
+1 3
+5 3
+1 5
+2 2
+1 2
+5 2
+5 1
805 1
1314 2
1491 1
cfi=(30)
cfn=(88)
calls=1 115 
* 4
* 1
+8 3
+3 1
+4 3
+5 1
+1 1
cfi=(29)
cfn=(90) _dl_debug_state
calls=1 74 
* 1
+1 1
+4 3
+15 3
+4 1
-2 1
+2 2
+2 3
+1 1
-1 2
+1 1
cfn=(92)
calls=1 757 
* 3012
* 1
+1 1
+2 6
+10 3
cfi=(24) /build/glibc-Cl5G7W/glibc-2.23/io/../sysdeps/unix/syscall-template.S
cfn=(68) access
calls=1 84 
* 9
* 2
+77 1
-96 1
+96 3
+17 3
+1 1
-1 1
+1 2
-1 1
+1 5
cfi=(41) /build/glibc-Cl5G7W/glibc-2.23/elf/dl-deps.c
cfn=(134) _dl_map_object_deps
calls=1 161 
* 6923
+1 1
+2 2
+3 1
-3 3
+3 1
-3 1
+3 3
+1 4
-1 2
+1 12
-1 6
+4 3
+1 3
+1 1
+2 2
+1 6
-1 5
+1 5
-1 3
-3 1
+16 1
+1 2
-1 1
+1 1
+2 1
+2 3
+2 1
-4 1
+5 1
-1 2
+14 2
+1 2
+1 3
+11 1
+2 1
-2 1
+2 2
-1 1
+1 1
-2 3
+2 1
cfi=(32)
cfn=(150) _dl_receive_error
calls=1 205 
* 3268
+10 1
+1 1
-1 1
+1 1
+1 1
cfn=(160) init_tls
calls=1 589 
* 619
* 1
+2 2
719 1
+2 3
fi=(116) /build/glibc-Cl5G7W/glibc-2.23/elf/../sysdeps/unix/sysv/linux/dl-osinfo.h
77 1
fe=(2)
730 1
+7 1
-5 1
1729 3
1959 3
2129 4
+2 1
+5 3
cfi=(30)
cfn=(202)
calls=1 450 
* 147
+3 2
+9 3
+2 2
+15 1
+2 1
-2 2
+3 1
-3 1
+3 1
-3 1
+3 3
cfi=(45)
cfn=(166)
calls=1 149 
* 3984
+1 1
+2 6
+8 1
cfi=(7) /build/glibc-Cl5G7W/glibc-2.23/elf/../elf/dl-sysdep.c
cfn=(204) _dl_sysdep_start_cleanup
calls=1 256 
* 1
+4 3
+20 3
cfi=(29)
cfn=(86)
calls=1 50 
* 8
+1 1
-1 1
+2 1
cfi=(29)
cfn=(90)
calls=1 74 
* 1
+1 1
+4 1
cfi=(43) /build/glibc-Cl5G7W/glibc-2.23/elf/dl-cache.c
cfn=(206) _dl_unload_cache
calls=1 322 
* 15
+5 8
2080 3
+7 1
+2 3
+19 1
-19 4
+2 1
+2 12
+5 8
+2 8
+6 4
+2 8
+1 24
cfi=(45)
cfn=(166)
calls=3 149 
* 67970
+4 14
-22 10
+25 1
+2 5
+6 1
-6 1
+6 1
-10 2
cfi=(30)
cfn=(200)
calls=1 890 
* 20
* 1
-12 1
+1 1
-3 2
-85 1
+11 1
-7 1
-4 1
+4 3
+4 2
+3 1
1672 2
-39 5
+1 1
-1 3
+4 3
+1 1
+1 2
+1 2
1237 3

fn=(50)
704 10

fn=(2) _dl_start
353 9
+18 4
fi=(5)
59 1
fe=(2)
371 1
fi=(3)
45 1
fi=(5)
+14 2
fe=(2)
397 1
fi=(3)
45 1
fe=(2)
394 1
fi=(3)
45 1
+25 2
-3 1
-7 1
+5 1
+3 1
+2 1
-3 1
-3 1
-3 2
-13 26
+23 13
-26 39
+26 1
-26 3
+2 36
+13 20
+1 16
+10 4
-26 12
+33 2
+20 4
+1 4
+1 4
+1 4
+2 4
+5 4
+1 4
+1 4
+6 3
+5 2
+7 3
+1 3
+8 3
+2 3
+3 2
+1 2
fe=(2)
408 2
302 1
415 1
302 1
cfi=(6)
cfn=(10)
calls=1 956 
* 23
+1 2
+1 2
+1 2
+1 2
+8 1
+9 1
-9 3
+9 1
-6 1
-3 1
+9 1
cfi=(7)
cfn=(12) _dl_sysdep_start
calls=1 86 
* 89982
* 1
+9 1
+3 4
+4 1
-4 1
+4 1
440 9
fi=(3)
62 4
+3 4
fe=(2)
413 26
fi=(4)
84 1
+27 1
-28 1
+28 2
+1 2
fi=(5)
517 2
fi=(4)
112 18
fi=(5)
517 18
+1 20
fi=(4)
111 20
fi=(5)
518 10
fi=(4)
111 10
+5 2
+8 1
fi=(5)
312 1
fi=(4)
124 2
+12 1
+1 3
fi=(5)
266 1
fi=(4)
137 1
fi=(5)
294 1
fi=(4)
137 2
fi=(5)
294 1
fi=(4)
136 5
+1 15
fi=(5)
266 5
fi=(4)
137 5
fi=(5)
294 5
fi=(4)
137 10
fi=(5)
294 5
+9 12
+3 6
-3 12
+3 18
+6 36
fi=(3)
68 4
+2 3
fi=(5)
425 12
fi=(4)
124 19
fe=(2)

fn=(102) map_doit
496 1
+2 1
-2 1
+3 8
cfi=(22)
cfn=(104) _dl_map_object
calls=1 2189 
* 2358
* 1
+2 2

fn=(160)
589 1
+6 1
-6 1
+2 2
+4 1
+10 4
cfi=(17)
cfn=(36)
calls=1 103 
* 38
* 1
+11 1
-5 1
-7 1
+6 1
+2 1
-1 1
+5 1
+2 1
-1 1
+1 10
+2 8
+4 1
+2 1
-2 2
-5 8
+9 3
+3 1
cfi=(30)
cfn=(162)
calls=1 138 
* 71
+7 1
cfi=(30)
cfn=(164)
calls=1 354 
* 439
+1 1
-1 1
+1 1
+6 1
+3 1
-3 1
+3 6
+3 1
+2 1
+1 2

fl=(37) /build/glibc-Cl5G7W/glibc-2.23/misc/../sysdeps/unix/sysv/linux/wordsize-64/mmap.c
fn=(122) mmap
33 8
-1 80
+1 20
+1 80
+2 56
-3 18

fl=(33) /build/glibc-Cl5G7W/glibc-2.23/setjmp/../sysdeps/x86_64/setjmp.S
fn=(100) __sigsetjmp
26 3
+9 3
+1 6
+1 3
+4 3
+1 3
+1 3
+1 3
+1 3
+2 6
+2 3
+1 3
+1 3
+2 6
+2 3
+4 3
+1 3

fl=(10) /build/glibc-Cl5G7W/glibc-2.23/elf/../sysdeps/unix/sysv/linux/x86_64/brk.c
fn=(18) brk
31 7
+8 1
-6 2
+7 1

fl=(66)
fn=(260)
64 1
+3 1
+2 1
+2 1
+3 1
+1 1
+1 1
+1 1
+1 1
+1 1
+1 1
+1 1
+1 1
+1 1
+1 1
+1 1
+1 1
+1 1
+1 1
+5 1
+1 1
+1 1
+1 1
+14 1
+1 1
+1 1
cfi=(67)
cfn=(262)
calls=1 -46 
* 936
+1 1
+5 1
+1 1
+1 1
+1 1
+13 1
+1 1
+1 1
+1 1
+1 1
+1 1
+1 1
+1 1
+1 1
+1 1
+1 1
+1 1
+1 1
+1 1
+1 1
+2 1
+2 1
+4 1
+3 1
cob=(3)
cfi=(68)
cfn=(266)
calls=1 -25 
* 18823835612

fn=(261)
64 10
+3 10
+2 10
+2 10
+3 10
+1 10
+1 10
+1 10
+1 10
+1 10
+1 10
+1 10
+1 10
+1 10
+1 10
+1 10
+1 10
+1 10
+1 10
+5 10
+1 10
+1 10
+1 10
+14 10
+1 10
+1 10
cfi=(67)
cfn=(262)
calls=10 -46 
* 8716
+1 10
+5 10
+1 10
+1 10
+1 10
+13 10
+1 10
+1 10
+1 10
+1 10
+1 10
+1 10
+1 10
+1 10
+1 10
+1 10
+1 10
+1 10
+1 10
+1 10
+2 10
+2 10
+4 10
+3 10
cob=(3)
cfi=(108)
cfn=(462)
calls=1 -55 
* 1028
cob=(3)
cfi=(107)
cfn=(454)
calls=1 25 
* 179
cob=(3)
cfi=(105)
cfn=(436)
calls=1 32 
* 78
cob=(3)
cfi=(98)
cfn=(412)
calls=1 26 
* 935
cob=(3)
cfi=(79)
cfn=(398)
calls=1 2934 
* 100
cob=(3)
cfi=(97)
cfn=(390)
calls=1 38 
* 3
cob=(3)
cfi=(79)
cfn=(316)
calls=1 2902 
* 195
cob=(3)
cfi=(90)
cfn=(364)
calls=1 27 
* 597
cfi=(83) /build/glibc-Cl5G7W/glibc-2.23/elf/dl-open.c
cfn=(332) _dl_find_dso_for_object
calls=1 +23 
* 32
cob=(3)
cfi=(74)
cfn=(298)
calls=1 34 
* 59191

fl=(34) /build/glibc-Cl5G7W/glibc-2.23/elf/dl-misc.c
fn=(144) _dl_sysdep_read_whole_file
45 2
+7 1
-7 3
+7 1
-7 3
+7 1
cfi=(24)
cfn=(110) open
calls=1 +32 
* 5
+1 2
+2 5
cfi=(36) /build/glibc-Cl5G7W/glibc-2.23/io/../sysdeps/unix/sysv/linux/wordsize-64/fxstat.c
cfn=(120) _fxstat
calls=1 -21 
* 10
* 2
+2 1
+3 1
-3 1
+3 1
+13 2
cfi=(24)
cfn=(132) close
calls=1 +11 
* 5
+3 7
-14 6
cfi=(37)
cfn=(122)
calls=1 -29 
* 33
* 2

fn=(106) _dl_name_match_p
288 260
+1 104
cfi=(19)
cfn=(54)
calls=52 144 
* 1734
* 52
+1 52
-1 52
+3 52
+2 104
+4 53
-4 106
+1 168
cfi=(19)
cfn=(54)
calls=56 144 
* 1954
* 112
-5 3
+11 64
-1 49
+1 196

fl=(44)
fn=(158) match_symbol
76 77
+9 7
-8 7
-1 14
+1 7
+8 7
+6 21
+15 7
+1 14
+2 7
+5 14
+14 80
+12 99
+4 33
-30 66
+19 35
cfi=(19)
cfn=(54)
calls=7 +11 
* 278
* 14
+35 56

fn=(156) _dl_check_map_versions
189 12
-15 36
+17 4
+3 12
-3 4
+2 4
+1 4
+2 4
-3 4
+3 4
+3 4
+4 2
-4 2
+4 8
+17 2
56 4
220 2
56 10
+1 5
-1 10
+2 21
cfi=(34)
cfn=(106)
calls=7 288 
* 745
* 16
228 6
+5 16
+19 5
-15 122
cfn=(158)
calls=5 76 
* 661
* 8
cfn=(158)
calls=2 76 
* 182
* 7
+7 42
+3 21
+9 12
+14 4
+3 8
+10 28
-7 112
+3 84
-3 8
+3 6
+8 9
+87 8
-81 12
cfi=(17)
cfn=(36)
calls=3 103 
* 114
* 3
+1 3
-2 3
+2 3
+11 3
+2 3
-5 3
+3 3
+2 3
-2 3
+2 3
+3 8
+4 6
+18 5
-15 15
+2 15
-2 6
+2 6
+2 7
+1 7
-1 14
+1 7
-1 7
+1 7
+1 7
-2 7
+2 14
+1 21
+3 21
+8 6
+10 9
+3 8
+20 28
-14 60
-2 28
+7 56
+1 28
-1 84
+1 28
-1 28
+1 28
+1 28
+3 90
+10 27
183 2
-8 2
+95 4
-80 2

fn=(154)
380 5
+4 7
+2 28
cfn=(156)
calls=4 189 
* 3153
-2 4
+2 12
-1 4
-1 8
+5 7

fl=(83)
fn=(332)
182 5
+1 4
+1 12
+1 2
+3 2
+4 1
-9 6

fl=(22)
fn=(76) fillin_rpath
444 7
+2 1
-2 9
+4 3
cfi=(17)
cfn=(78) strsep
calls=1 -94 
* 238
* 3
cfi=(17)
cfn=(78)
calls=1 -94 
* 6
* 6
+7 2
+35 15
+1 8
+55 2
+2 2
cob=(2)
cfi=(16)
cfn=(82)
calls=1 0 
* 7
* 1
-39 2
+4 2
-1 4
cfi=(17)
cfn=(40) malloc
calls=1 94 
* 29
* 1
+3 1
-3 1
+3 2
+5 1
+1 2
-2 1
+2 1
cfi=(25)
cfn=(70)
calls=1 61 
* 31
+3 1
-3 1
+1 1
+2 1
+6 2
+1 1
-1 2
+1 13
+1 11
-1 2
+3 2
+1 3
+7 1
+1 1
-1 2
383 3
cfi=(27)
cfn=(74)
calls=1 24 
* 23
* 2
+4 2
cfi=(28) /build/glibc-Cl5G7W/glibc-2.23/string/strdup.c
cfn=(80) strdup
calls=1 40 
* 94
* 1
+74 2
+5 2
cfi=(11) /build/glibc-Cl5G7W/glibc-2.23/string/../sysdeps/x86_64/strlen.S
cfn=(22) strlen
calls=1 66 
* 16
+1 2
+7 6
+9 1
-4 3
+4 2
+26 2
+43 1
+3 9
-15 2
-9 2
-57 2

fn=(138) open_path
2040 8
+1 1
+6 1
-6 1
+6 1
+5 9
+52 1
-59 1
-1 1
+60 1
-52 8
+74 4
-62 1
-9 1
+9 1
+7 4
cfi=(25)
cfn=(70)
calls=1 61 
* 31
+1 1
-1 1
+1 5
+20 8
-20 15
+3 8
+5 8
-1 4
+1 8
-1 12
cfi=(25)
cfn=(70)
calls=4 61 
* 85
* 16
cfi=(25)
cfn=(70)
calls=4 61 
* 92
-1 4
+7 4
-7 4
+7 4
+3 36
cfn=(108) open_verify.constprop.7
calls=4 1717 
* 176
* 4
+2 20
+67 7
+7 1
-2 1
+2 3
+3 3
+14 1
-27 1
+27 7
-84 8
+1 36
+6 4
+2 4
-2 4
+2 8
-2 4
+2 4
cfi=(42) /build/glibc-Cl5G7W/glibc-2.23/io/../sysdeps/unix/sysv/linux/wordsize-64/xstat.c
cfn=(140) _xstat
calls=4 34 
* 49
* 8
+1 1
+2 1
-2 1
+2 7
+7 3
-7 3
+7 9
-30 3
+23 6

fn=(64)
689 1
+13 2
-13 8
+13 3
cfi=(23) /build/glibc-Cl5G7W/glibc-2.23/elf/dl-hwcaps.c
cfn=(66) _dl_important_hwcaps
calls=1 39 
* 398
+5 1
-5 1
+5 1
cfi=(17)
cfn=(40)
calls=1 94 
* 29
* 1
+1 1
-2 1
+2 2
+8 1
-1 1
+1 3
-1 3
+4 4
cfi=(17)
cfn=(40)
calls=1 94 
* 29
* 1
+2 1
-2 1
+2 1
+17 2
+9 2
-19 1
+11 1
-1 1
+3 1
+1 1
-15 2
+23 1
-9 1
+9 5
-3 17
cfi=(26)
cfn=(72)
calls=4 53 
* 60
+3 27
-14 3
+2 3
+1 3
+2 6
-3 3
+4 9
+4 3
-3 3
+3 3
+1 3
-4 9
+4 3
+14 1
-11 1
+6 1
+1 1
+5 1
-12 1
+12 1
+2 4
+2 3
+38 5
+6 3
cfi=(27)
cfn=(74)
calls=1 24 
* 23
* 2
+2 3
cfi=(11)
cfn=(22)
calls=1 66 
* 16
* 8
cfi=(18)
cfn=(46)
calls=1 61 
* 31
* 1
+17 133
+5 1
cfi=(17)
cfn=(40)
calls=1 94 
* 29
* 1
+1 1
-2 1
+2 1
+6 9
cfn=(76)
calls=1 444 
* 609
+4 5
+6 1
+4 8
-70 1
-2 1
+2 2
+14 2

fn=(114) _dl_map_object_from_fd
893 22
+10 2
-10 2
+10 2
-10 6
+10 2
cfi=(29)
cfn=(86)
calls=2 50 
* 16
fi=(35) /build/glibc-Cl5G7W/glibc-2.23/elf/../sysdeps/posix/dl-fileid.h
37 6
fe=(22)
903 2
fi=(35)
37 2
cfi=(36)
cfn=(120)
calls=2 -3 
* 20
* 4
+4 2
fe=(22)
919 2
fi=(35)
40 2
+1 2
fe=(22)
919 29
+1 10
fi=(35)
49 12
fe=(22)
1465 16
937 4
+24 4
+10 4
+22 8
+32 4
904 2
1028 14
cfi=(15)
cfn=(32)
calls=2 61 
* 882
+1 2
-1 2
+1 2
+11 4
+1 2
-1 2
+2 2
-1 2
+4 2
-1 4
-2 2
+2 4
+1 6
+1 2
+19 2
-2 2
+10 2
-8 12
+8 2
-8 6
+8 2
+87 2
+8 2
-8 8
+8 2
-8 6
-86 32
-1 136
+1 95
+6 4
+1 6
+1 2
+9 20
+5 32
+9 12
-1 12
+1 4
+1 8
+2 4
-2 4
+1 4
-1 4
+3 4
+4 4
-7 4
+2 4
+1 4
+4 4
+1 12
+4 6
-14 2
+14 12
+11 2
-11 6
-14 2
+14 12
+11 2
-44 2
+1 1
+46 3
+4 1
+1 1
+1 1
-1 2
+1 1
+3 3
+1 1
+3 1
-3 1
+7 4
+6 1
cfi=(30)
cfn=(148)
calls=1 49 
* 8
* 2
+1 1
+59 4
+1 6
+1 2
-6 4
+1 2
+8 6
1041 2
1229 2
1041 2
1229 2
+10 6
fi=(38) /build/glibc-Cl5G7W/glibc-2.23/elf/./dl-map-segments.h
56 4
fe=(22)
1239 6
fi=(38)
56 2
fe=(22)
1239 2
fi=(38)
56 2
fe=(22)
1239 4
fi=(38)
56 12
cfi=(37)
cfn=(122)
calls=2 -23 
* 70
+4 2
-4 2
+4 4
+3 4
+1 2
+2 2
-2 2
-1 2
+3 2
+10 4
fi=(40) /build/glibc-Cl5G7W/glibc-2.23/elf/./dl-load.h
+14 8
+1 6
+2 8
fi=(38)
+7 16
+6 2
+2 2
-2 2
+1 2
+2 2
-1 2
+1 2
-1 6
+8 4
+17 4
+12 4
-59 20
+2 4
+2 2
-2 4
+2 20
cfi=(37)
cfn=(122)
calls=2 -57 
* 62
* 6
fe=(22)
1251 8
+9 4
fi=(3)
39 2
fe=(22)
1260 2
fi=(3)
39 2
+6 2
-2 2
+2 4
+15 2
+5 2
+3 2
-1 2
-3 2
-3 36
+10 8
-26 24
+16 35
+10 35
-26 105
+26 2
-26 6
+2 90
+13 40
+2 8
+3 8
+13 4
+20 7
+1 8
+1 8
+1 8
+2 8
+5 8
+1 7
+1 8
+6 6
+5 4
+7 4
+1 6
+16 6
+5 1
+2 1
-2 1
+2 1
+2 2
+2 2
+3 6
+10 1
-8 4
+8 1
+5 2
+3 4
fe=(22)
1267 4
+15 6
+19 4
+2 10
+54 6
+1 2
+3 2
cfi=(24)
cfn=(132)
calls=1 84 
* 5
* 2
cfi=(24)
cfn=(132)
calls=1 84 
* 5
* 4
+9 4
+2 6
+2 2
-2 2
+2 2
+16 4
cfi=(6)
cfn=(10)
calls=2 956 
* 46
+4 4
+1 4
+17 4
+9 2
-5 6
+5 2
+10 4
+10 6
cfi=(15)
cfn=(48)
calls=2 32 
* 82
+4 8
fi=(3)
68 8
+2 10
fe=(22)
1413 2
fi=(38)
119 4
+8 16
cfi=(26)
cfn=(72)
calls=2 -74 
* 283
* 8
-54 8
-1 12
cfi=(39)
cfn=(126)
calls=2 +12 
* 10
* 2
fi=(40)
+22 5
+1 11
+3 4
fi=(38)
+39 9
cfi=(37)
cfn=(122)
calls=1 33 
* 31
+3 3
fe=(22)
1255 2

fn=(104)
2189 21
+8 3
-8 6
+8 3
+1 12
+3 42
+5 49
+2 21
cfi=(34)
cfn=(106)
calls=7 288 
* 920
* 14
+4 12
+1 18
+3 2
+2 8
cfi=(19)
cfn=(54)
calls=2 144 
* 48
* 4
2500 24
2235 10
+9 2
-53 2
+53 4
+36 4
-2 2
+2 2
cfi=(27)
cfn=(74)
calls=2 24 
* 46
* 4
2431 2
383 3
cfi=(27)
cfn=(74)
calls=1 24 
* 47
* 2
+4 2
cfi=(28)
cfn=(80)
calls=1 40 
* 128
2432 1
-3 1
+3 2
+4 9
cfn=(108)
calls=1 1717 
* 299
+3 1
-3 1
+3 3
+12 3
+46 1
+1 3
-1 1
+1 9
cfn=(114)
calls=1 893 
* 1444
-1 1
+1 3
-1 1
+1 9
cfn=(114)
calls=1 893 
* 1789
* 6
2284 2
cfi=(11)
cfn=(22)
calls=1 66 
* 16
* 1
+2 1
-2 1
+2 1
+7 4
+35 2
+1 14
cfn=(138)
calls=1 2040 
* 777
+6 2
-6 1
+6 3
666 1
2336 1
666 2
2423 2
+28 3
+2 4
2297 1
+5 1
-5 1
+5 1
+3 2
-3 1
+3 7
-3 3
666 1
2303 1
666 2
2358 1
-14 1
+14 1
+2 3
+4 2
cfi=(43)
cfn=(142) _dl_load_cache_lookup
calls=1 185 
* 1396
+2 1
-2 1
+2 1
+4 2
+8 3
+23 10
cfn=(108)
calls=1 1717 
* 370
+4 1
-4 1
+4 3
+1 2
-89 3
+1 8
666 1
2319 1
666 2

fn=(108)
1717 66
+39 6
-39 18
+39 22
+31 24
cfi=(24)
cfn=(110)
calls=6 84 
* 46
+2 6
-2 6
+2 8
+10 2
+1 4
+5 16
cfi=(24)
cfn=(112) read
calls=2 84 
* 10
+2 4
+2 2
+2 2
-2 4
+2 2
+6 4
+16 8
cfi=(14)
cfn=(30)
calls=2 24 
* 57
* 18
cfi=(14)
cfn=(30)
calls=2 24 
* 72
* 4
+74 4
+5 4
+2 8
+6 4
+11 4
+6 2
+1 2
-1 8
+1 2
-1 2
+1 4
+1 6
+20 106
+2 36
+4 8
+1 6
+12 14
+4 6
+5 1
+1 1
-13 4
cfi=(14)
cfn=(30)
calls=1 24 
* 25
* 8
cfi=(14)
cfn=(30)
calls=2 24 
* 60
* 6
+16 2
+3 7
+3 3
+1 5
-39 2
+67 20
-23 4
+23 28
1826 2
+7 4
cfi=(14)
cfn=(30)
calls=1 24 
* 24
* 2

fl=(11)
fn=(22)
66 13
+1 13
+1 13
+1 13
+1 13
+1 13
+1 13
+2 13
+2 13
+30 12
+1 12
+1 12
+1 12
+1 12
+1 6
+1 6
+4 6
+1 6
+1 6
+1 6
+1 6
+1 6
+1 6
+1 6
+1 6
+1 6
+1 6
+1 6
+5 48
+4 1
+1 14
+1 8

fl=(41)
fn=(136) openaux
60 4
+7 2
-4 22
cfi=(22)
cfn=(104)
calls=2 2189 
* 5369
* 2
+5 4

fn=(134)
161 1
-1 1
+1 1
-1 4
+1 1
-1 2
+1 1
-1 2
+1 1
-1 2
+1 3
-15 1
+15 1
-17 1
+1 1
+1 1
+6 4
+26 1
-26 1
+26 7
-34 1
+2 1
+33 2
-33 1
-2 1
+2 2
-2 1
+1 1
+1 1
+6 3
+26 1
-26 1
+26 5
+4 1
+21 1
+1 1
-22 2
+19 1
-12 1
+15 1
-16 2
+13 1
317 9
217 1
-4 1
-4 1
+8 4
-4 3
-4 3
+8 3
+12 8
+2 2
+11 2
-5 2
-6 4
+5 2
+2 4
+1 4
+3 14
+50 6
+1 3
-51 192
+1 96
+6 10
cfi=(27)
cfn=(74)
calls=2 24 
* 70
* 4
+5 10
-3 2
+3 2
cfi=(32)
cfn=(96)
calls=2 -91 
* 5527
+2 6
+15 2
+2 4
+5 2
+6 2
+2 2
-8 4
+3 2
+1 2
+1 2
+1 2
+4 12
+7 138
459 12
+2 6
+2 6
cfi=(17)
cfn=(40)
calls=2 94 
* 58
* 2
+2 2
-2 2
+2 2
+4 8
-1 2
+1 2
cfi=(18)
cfn=(46)
calls=2 61 
* 41
+1 10
cfi=(18)
cfn=(46)
calls=2 61 
* 41
+4 2
-1 2
+5 22
+7 6
+1 1
+3 5
+10 4
cfi=(17)
cfn=(40)
calls=1 94 
* 29
* 1
+3 1
-3 1
+3 1
+5 6
+1 1
-1 3
+1 2
+8 2
+4 3
-4 1
-6 3
-2 3
+8 6
+4 9
-4 3
-6 9
+13 3
+51 3
+2 3
+42 1
-4 1
+5 2
-1 4
+1 2
cfi=(26)
cfn=(72)
calls=1 53 
* 15
* 1
-2 9
+7 1
-1 1
+1 1
-1 2
+7 1
-7 1
+7 2
-13 2
+7 2
-1 2
+1 2
-1 4
+7 2
-7 2
+7 6
+2 8
+1 4
-1 4
+1 3
+2 9
+1 6
+28 18
cfi=(26)
cfn=(72)
calls=2 53 
* 37
* 10
-6 3
-28 6
+31 10
-6 2
+16 2
+2 1
+1 1
-1 1
+2 3
+7 3
+3 3
+3 8
481 9
-1 4
+1 9
202 2
+27 8
-19 4
+8 25
+2 2
+2 8
+2 30
338 6
611 8
cfi=(18)
cfn=(46)
calls=1 61 
* 28
+2 1
-38 1
+38 1
209 2

fl=(15)
fn=(32)
61 42
+1 3
cfi=(11)
cfn=(22)
calls=3 +4 
* 66
+6 3
-6 6
+6 6
+7 12
cfi=(17)
cfn=(36)
calls=3 +28 
* 171
* 3
+3 3
-3 3
+3 3
+4 3
+5 6
-6 3
+6 3
-5 3
+3 6
+2 3
cfi=(18)
cfn=(46)
calls=3 -26 
* 88
+10 3
-10 3
+10 3
-8 3
+9 6
-1 9
+1 9
+3 3
-4 3
+1 3
+3 3
+9 3
-7 3
+4 3
+3 9
+2 2
-2 2
+2 30
-2 30
+12 3
+6 3
-5 3
-1 3
+6 15
+2 2
+3 2
-3 2
+3 2
-3 4
+7 6
+4 4
+2 5
+6 1
+6 1
-3 2
+3 4
-3 4
+3 4
+2 6
cfi=(11)
cfn=(22)
calls=2 -91 
* 68
+4 2
-4 8
+4 6
+64 4
+4 24
68 30
+34 8
+39 8
+70 6
cfi=(25)
cfn=(70)
calls=2 61 
* 71
* 42
+6 40
-1 40
+1 42
-1 2
+1 6
+5 4
-89 2
+32 4
cfi=(17)
cfn=(40)
calls=2 -71 
* 58
* 2
+1 2
-1 2
+1 6
+2 1
-35 2

fn=(48)
32 15
+2 6
cfi=(2)
cfn=(50)
calls=3 704 
* 6
+2 3
-2 3
+2 19
+3 15
+2 2
+2 2
+4 2
+4 2
-4 4
+1 2
+4 4
-4 2
+1 2
+3 2
-3 2
+2 2
cfi=(2)
cfn=(52)
calls=2 710 
* 4
-4 1
+4 1
-4 2
+1 1
+4 2
-4 1
+1 1
+3 1
-3 1
+2 1
cfi=(2)
cfn=(52)
calls=1 710 
* 2
-5 2

fl=(17)
fn=(84)
120 1
+2 3
+7 2

fn=(36)
103 8
+8 24
-4 8
+4 16
+3 8
cfn=(40)
calls=8 -20 
* 289
* 8

fn=(78)
354 4
+2 2
+1 4
+4 33
+7 84
-2 56
+13 1
+4 2
-7 14
-15 44

fn=(40)
94 21
+1 42
cfn=(44)
calls=21 -43 
* 582
* 21

fn=(44)
52 66
+1 87
+11 63
+3 21
-3 21
+3 42
-3 3
+3 1
-3 1
+3 82
+4 8
+1 4
+6 16
cfi=(37)
cfn=(122)
calls=2 -45 
* 66
+2 10
+4 6
+3 2
+1 2
+2 10
-3 20
+1 20
+2 100
-31 2
-1 5

fl=(6)
fn=(176) check_match
92 704
+3 616
+12 528
+3 460
cfi=(19)
cfn=(54)
calls=27 +34 
* 1169
* 54
+5 88
-1 88
+1 88
+2 174
+19 174
+1 696
+46 88
-7 88
+7 440
-18 2
+2 1
+1 4
-1 5
-29 261
cfi=(19)
cfn=(54)
calls=87 +6 
* 2730
* 261

fn=(10)
956 12
+4 4
+4 8
+2 4
-1 4
+3 12
+1 4
+1 4
+3 4
-3 4
+7 4
-4 4
-1 4
+3 4
+2 4
-7 4
+7 4
+1 4

fn=(172)
806 1034
568 94
806 376
568 470
+1 94
-1 94
+1 282
-1 282
+1 1153
-1 1153
+1 3459
-1 3647
808 94
+4 94
+4 94
-8 94
+1 188
+7 268
+7 94
-2 94
+2 94
-2 94
+6 94
-7 94
+7 188
-7 564
+15 6
-8 30
+2 1316
cfn=(174) do_lookup_x
calls=94 355 
* 36076
+3 282
+26 188
+22 88
+1 616
+31 88
+9 440
+14 264
+3 352
+5 88
+2 752
-85 42
+16 6
+1 12
+59 2

fn=(174)
355 658
+1 94
-1 470
+48 94
-30 94
-11 94
+41 94
+7 188
-7 188
-30 376
+37 376
-44 188
+3 188
-3 388
+3 388
+4 594
+4 570
+4 570
+6 855
+8 285
-4 285
+1 285
+3 570
+1 855
+3 285
+1 570
+2 570
+8 285
-8 285
+8 2850
-99 197
553 1420
+1 76
cfi=(34)
cfn=(106)
calls=38 288 
* 3450
* 114
+3 600
+3 6
+1 752
-92 176
+50 664
+4 30
+12 176
+1 88
+1 176
413 552
+2 184
+2 1196
+13 264
-10 880
+2 176
+1 440
-1 88
+1 616
-1 88
+1 264
cfn=(176)
calls=88 92 
* 8719
+4 264
+34 8
+94 28
439 792

fl=(25)
fn=(70)
61 17
+4 17
+3 16
+1 16
+2 7
+1 7
+2 7
+1 7
+5 7
+1 7
-1 9
+1 9
+2 10
+1 10
+2 10
+1 10
+5 10
+1 10
-1 6
+1 6
+2 5
+1 5
+2 5
+1 5
+5 5
+1 5
-1 11
+1 11
+2 7
+1 7
+2 7
+1 14
+5 7
+1 7
-1 9
+1 11
+5 2
+1 2
+1 2
+1 2
+2 2
+2 2
+1 2
+2 2
+6 16
+4 16
+12 2
+2 2
+1 2
+26 2
+1 2
+3 2
+1 2
+1 2
+5 2
+2 2
+1 2
+1 2
+1 2
+2 2
+1 2
+1 2
+1 2
+2 2
+1 2
+2 2
+22 2
+2 2
+2 1
+7 1

fl=(24)
fn=(110)
84 28
+1 3
+1 20

fn=(112)
84 8
+1 2

fn=(68)
84 12
+2 15

fn=(132)
84 12
+1 3

fl=(28)
fn=(80)
40 12
+1 3
cfi=(11)
cfn=(22)
calls=3 +25 
* 84
* 3
+1 6
cfi=(17)
cfn=(40)
calls=3 +52 
* 87
* 3
+2 6
+4 3
-1 6
+1 6
-1 6
cfi=(18)
cfn=(46)
calls=3 +14 
* 106

fl=(18)
fn=(46)
61 17
+2 17
+2 17
+3 14
+1 14
+2 4
+1 4
+2 4
+1 4
+5 4
+1 4
-1 10
+1 10
+2 4
+1 4
+2 4
+1 8
+5 4
+1 4
-1 10
+1 10
+2 2
+1 2
+2 2
+1 2
+5 2
+1 2
-1 12
+1 12
+2 9
+1 9
+2 9
+1 9
+5 9
+1 9
-1 5
+1 9
+5 4
+1 4
+1 4
+1 4
+2 4
+2 4
+1 4
+2 4
+8 14
+8 6
+6 6
+2 6
+1 6
+3 1
+1 3
+5 1
+1 1
+2 1
+2 1
+1 1
+2 1
-8 3
+1 3
+2 3
+2 3
+1 3
+2 5
+9 1
+1 1
-1 5
+1 5
+3 6
+1 6
+1 6
+5 6
+2 6
+1 6
+1 6
+1 6
+2 6
+1 6
+1 6
+1 6
+2 6
+1 6
+2 6
+22 6
+6 6
+1 6
+2 3

fl=(42)
fn=(140)
34 4
-1 4
+1 4
+1 24
+4 1
-4 12

fl=(14)
fn=(30)
24 13
+1 13
+1 13
+1 13
+1 13
+1 13
+1 13
+1 13
+3 13
+1 13
+1 5
+1 5
+1 5
+1 5
+1 5
+1 5
+1 5
+2 12
+1 12
+1 4
+1 4
+1 4
+1 4
+1 4
+1 4
+1 4
+2 12
+1 12
+1 5
+1 5
+1 5
+1 5
+1 2
+1 2
+1 2
+2 9
+1 9
+1 5
+1 5
+1 5
+1 5
+5 4
+1 4
+1 4
+1 4
+1 4
+1 4
+1 4
+1 2
+1 2
+1 2
+1 2
+1 2
+7 2
+2 3
+4 8
+1 8
+1 1
+1 1
+1 1
+1 1
+1 1
+1 1
+1 1
+1 1
+1 1
+1 1
+1 1
+4 9
+1 9

fl=(26)
fn=(72)
53 13
+1 13
+1 13
+1 13
+1 13
+2 13
+1 13
+1 11
+1 11
+15 2
+1 2
+1 2
+1 2
+1 2
+1 2
+1 2
+1 2
+1 2
+1 2
+1 2
+1 2
+1 2
+1 4
+3 2
+1 2
+1 2
+1 2
+1 2
+1 2
+1 2
-6 34
+1 34
+1 34
+1 34
+1 34
+1 34
+1 34
+1 2
+3 11
+1 11
+1 11
+1 4
+1 4
+1 2
+1 2
+3 2
+1 2
+1 2
+1 2
+2 2
+1 2
+1 2
+2 7
+1 7
+1 7

fl=(1) ???
fn=(0) 0x0000000000000c30
0 2
cfi=(2)
cfn=(2)
calls=1 353 
0 90630
0 14
cfi=(54)
cfn=(212)
calls=1 80 
0 1610
0 3
cob=(5)
cfi=(65)
cfn=(252)
calls=1 0 
0 18823836614

fl=(43)
fn=(142)
185 9
+8 2
+3 3
+51 2
+9 1
+6 2
-6 4
+6 1
cfi=(24)
cfn=(68)
calls=1 84 
* 9
+19 1
-19 1
+19 140
cfn=(146) _dl_cache_libcmp
calls=9 138 
* 656
* 46
-15 4
+15 14
cfn=(146)
calls=1 138 
* 71
* 7
-82 4
cfi=(34)
cfn=(144)
calls=1 45 
* 94
+8 1
-8 1
+8 4
+1 4
cfi=(14)
cfn=(30)
calls=1 24 
* 38
* 2
+7 1
-3 1
+3 3
+3 1
+1 2
-1 1
+1 1
+1 4
cfi=(14)
cfn=(30)
calls=1 24 
* 32
* 2
+61 21
+16 2
+4 2
+8 3
cfi=(11)
cfn=(22)
calls=1 66 
* 34
* 2
+1 1
-1 4
+1 2
cfi=(18)
cfn=(46)
calls=1 61 
* 28
+1 2
cfi=(28)
cfn=(80)
calls=1 40 
* 109
+1 8
-31 9

fn=(146)
138 30
+1 22
+2 100
+2 50
-2 50
+2 2
+6 1
+2 1
-1 1
-1 1
+1 1
+1 4
+2 5
+2 2
+6 98
+2 178
+4 40
+1 40
-29 80
+32 3
-7 18

fn=(206)
322 4
-1 1
+3 2
cfi=(39)
cfn=(208)
calls=1 84 
* 5
+1 1
+2 2

fl=(23)
fn=(66)
39 6
+3 1
-3 2
+3 1
-1 1
+1 1
+9 1
-12 4
+12 2
+10 4
162 2
-47 3
cfi=(24)
cfn=(68)
calls=1 -31 
* 9
* 2
+55 3
+2 2
+1 5
+4 2
+4 1
-4 1
+1 1
+3 1
+3 1
+1 1
-1 1
+4 3
+1 1
-1 9
+1 1
+18 10
+1 2
-1 1
+1 3
cfi=(17)
cfn=(40)
calls=1 94 
* 29
* 1
+1 1
-1 1
+1 5
+29 1
+3 1
-3 2
+3 1
+23 7
+6 2
-1 2
+1 6
-1 8
+5 6
+3 1
-3 1
+3 1
-3 3
+3 1
-3 1
+3 5
+1 12
+1 4
-1 4
+1 8
-2 4
+1 8
-1 14
+4 4
+4 1
-1 1
+2 1
-2 1
+1 1
+1 1
-2 1
+2 10
+13 2
+1 1
-1 1
+3 2
-3 2
+1 1
-1 1
+3 2
+3 4
+3 1
-1 1
+1 9
113 1
+17 1
+1 1
-1 9
243 6
cfi=(25)
cfn=(70)
calls=1 61 
* 22
* 4
cfi=(25)
cfn=(70)
calls=1 61 
* 18
+1 4
cfi=(25)
cfn=(70)
calls=1 61 
* 22
* 4
cfi=(25)
cfn=(70)
calls=1 61 
* 18
* 12

fl=(32)
fn=(96)
163 6
+15 3
-3 6
+1 6
-13 6
+14 6
+1 3
+2 3
cfi=(2)
cfn=(98)
calls=3 664 
* 6
+2 3
-1 3
+4 3
-3 6
+3 3
-4 3
+4 3
cfi=(33)
cfn=(100)
calls=3 26 
* 60
* 9
+2 9
cfi=(41)
cfn=(136)
calls=2 60 
* 5403
cfi=(2)
cfn=(102)
calls=1 496 
* 2372
+1 6
+2 3
+1 3
-3 3
+1 6
+1 3
+9 3
-8 3
+8 9

fn=(150)
205 10
+1 1
cfi=(2)
cfn=(98)
calls=1 664 
* 2
+5 1
-1 1
-4 1
+9 1
+2 1
-3 1
+3 1
cfi=(2)
cfn=(152)
calls=1 529 
* 3238
+2 1
+1 1
+1 8

fl=(7)
fn=(204)
256 1

fn=(12)
86 8
+25 1
-1 1
+1 78
+6 1
-3 1
+1 1
-4 1
+3 1
+3 4
+1 2
-1 25
+1 105
-1 102
+62 1
+1 1
-1 1
+1 1
-29 1
+1 2
+11 1
+1 1
-1 1
+1 1
-7 1
+1 1
-1 1
+1 1
-4 1
+1 2
-25 1
+1 2
-4 1
+1 2
-7 1
+1 1
+2 1
+1 1
fi=(9)
-90 2
cfi=(10)
cfn=(18)
calls=1 -4 
* 11
fi=(5)
223 5
fi=(8) /build/glibc-Cl5G7W/glibc-2.23/elf/../sysdeps/x86/cpu-features.c
61 2
+3 1
-3 1
+3 9
175 3
+1 1
+3 2
+1 1
+2 2
+1 7
+7 3
+4 2
+2 4
+51 2
fe=(7)
-16 1
fi=(8)
+27 1
+1 1
+1 1
fe=(7)
-29 1
+1 1
cfi=(11)
cfn=(22)
calls=1 66 
* 32
* 1
+2 2
cfi=(12)
cfn=(24)
calls=1 34 
* 17
* 3
+12 3
+3 5
cfi=(2)
cfn=(26)
calls=1 790 
* 89424
+1 1
+1 8
fi=(8)
-4 2
+1 2
+4 2
-52 2
+1 1
+6 3
+2 1
+3 3
+16 2
+1 1
+2 2
29 2
+4 1
-4 1
+5 1
-1 1
+2 1
-1 1
+1 1
-2 1
+1 1
+1 1
+1 1
-7 2
+3 1
+4 1
+5 1
+32 2
-32 1
+27 1
+5 1
+3 1
+1 8
+57 2
-66 2
+44 2
248 2
+3 2
fe=(7)

fl=(110)
fn=(468)
130 8
+17 1
+3 15
+3 2
cfi=(2)
cfn=(50)
calls=1 704 
* 2
+2 1
+3 2
+2 6
+8 1
-3 1
+3 8
+7 8
+2 8
+2 4
+1 4
+5 4
-6 4
-6 4
+8 4
-8 9
+14 9
+1 2
+4 1
31 1
+2 1
192 1
33 1
+6 1
-1 1
+2 1
-2 2
+1 8
+1 1
cfi=(26)
cfn=(72)
calls=1 +13 
* 15
* 1
+77 15
+3 16
cfi=(26)
cfn=(72)
calls=2 -67 
* 37
* 6
-76 9
+1 9
+4 12
+6 6
+1 6
+2 15
+1 7
+2 9
+1 6
201 3
cfi=(2)
cfn=(52)
calls=1 710 
* 2
+5 3
81 4
208 1
+2 3
-2 3
+2 9
+3 8
+3 12
+4 4
+9 2
+3 2
-3 2
+3 4
+2 8
+1 4
cob=(4)
cfi=(55)
cfn=(482)
calls=1 0 
* 78
cob=(5)
cfi=(65)
cfn=(470)
calls=1 0 
* 16
-1 8
+5 4
+1 6
cob=(2)
cfi=(16)
cfn=(502)
calls=1 0 
* 3
cob=(2)
cfi=(16)
cfn=(480)
calls=1 0 
* 3
+6 24
+16 8
-56 11
+11 6
92 9
+21 3
-57 8
268 4
+2 1
-2 2
+6 2
+7 8

fl=(19)
fn=(54)
144 232
+1 232
+2 232
+1 232
+21 232
+1 232
+1 167
+1 167
+1 156
+1 156
+1 156
+1 156
+21 156
+1 156
+1 156
+1 156
+1 156
+1 156
+1 156
+5 5
+1 5
+9 5
+1 5
+1 5
+1 5
+1 5
+1 5
+1 5
+1 5
-7 76
+1 76
+1 76
+1 76
+1 76
+1 76
+1 76
+1 76
+1 80
+1 37
+1 37
+1 37
+2 37
+1 37
+1 37
+1 37
+1 37
+1 37
-5 43
+1 43
+1 43
+1 43
+1 43
+1 43
+10 1
+1 1
+1 1
+2 1
+6 1
+1 1
+1 1
+1 1
+1 1
+5 1
696 1
+1 1
+1 1
+1 1
+1 1
+2 1
+1 1
+1 1
+1 1
+1 1
+1 1
+1 1
+1 1
+4 1
+1 1
+1 1
+6 1
+1 1
+1 2
+4 1
+1 1
+3 1
+1 1
+1 1
+3 1
+1 1
+1 1
+6 1
+1 1
+1 1
+1 1
+1 1
+1 1
946 3
+1 3
+1 3
+1 3
+1 3
+2 3
+1 3
+1 3
+1 3
+1 3
+1 3
+1 3
+1 2
+4 2
+1 2
+1 2
+6 2
+1 2
+1 4
+4 2
+1 2
+3 2
+1 2
+1 2
+3 2
+1 2
+1 2
+6 2
+1 2
+1 2
+1 2
+1 2
+1 2
+72 2
+1 2
+1 2
+1 2
+1 2
+2 2
+1 2
+1 2
+1 2
+1 2
+1 2
+1 2
+1 2
+4 2
+1 2
+1 2
+6 2
+1 2
+1 4
+4 2
+1 2
+3 2
+1 2
+1 2
+3 2
+1 2
+1 2
+6 2
+1 2
+1 2
+1 2
+1 2
+1 2
+72 4
+1 4
+1 4
+1 4
+1 4
+2 4
+1 4
+1 4
+1 4
+1 4
+1 4
+1 4
1321 46
+1 46
+1 46
+1 46
+1 46
+2 46
+1 46
+1 46
+1 46
+1 46
+1 46
+1 46
+1 2
+4 2
+1 2
+1 2
+6 2
+1 2
+1 4
+4 2
+1 2
+3 2
+1 2
+1 2
+3 2
+1 2
+1 2
+6 2
+1 2
+1 2
+1 2
+1 2
+1 2
+72 1
+1 1
+1 1
+1 1
+1 1
+2 1
+1 1
+1 1
+1 1
+1 1
+1 1
+1 1
+1 1
+4 1
+1 1
+1 1
+6 1
+1 1
+1 2
+4 1
+1 1
+3 1
+1 1
+1 1
+3 1
+1 1
+1 1
+6 1
+1 1
+1 1
+1 1
+1 1
+1 1
+72 1
+1 1
+1 1
+1 1
+1 1
+2 1
+1 1
+1 1
+1 1
+1 1
+1 1
+1 1
1696 1
+1 1
+1 1
+1 1
+1 1
+2 1
+1 1
+1 1
+1 1
+1 1
+1 1
+1 1
1821 3
+1 3
+1 3
+1 3
+1 3
+2 3
+1 3
+1 3
+1 3
+1 3
+1 3
+1 3
+1 3
+4 3
+1 3
+1 3
+6 3
+1 3
+1 6
+4 3
+1 3
+3 3
+1 3
+1 3
+3 3
+1 3
+1 3
+6 3
+1 3
+1 3
+1 3
+1 3
+1 3
+72 17
+1 17
+1 17
+1 17
+1 17
+2 17
+1 17
+1 17
+1 17
+1 17
+1 17
+1 17
+1 15
+4 15
+1 15
+1 15
+6 15
+1 15
+1 30
+4 15
+1 15
+3 15
+1 15
+1 15
+3 15
+1 15
+1 15
+6 15
+1 15
+1 15
+1 15
+1 15
+1 15
+72 1
+1 1
+1 1
+1 1
+1 1
+2 1
+1 1
+1 1
+1 1
+1 1
+1 1
+1 1
+2 1
+4 1
+1 1
+1 1
+6 1
+1 1
+2 2
+4 1
+1 1
+3 1
+1 1
+1 1
+3 1
+1 1
+1 1
+6 1
+1 1
+1 1
+1 1
+1 1
+1 1
+74 27
+2 27
+1 27
+1 27
+1 27
-3 54
+1 54
+1 54
+1 54
+1 111
+5 37
+6 37
+1 37
+8 37
+1 37
-16 195
+6 195
+1 195
+8 195
+1 195

fl=(29)
fn=(90)
74 2

fn=(86)
50 8
+5 6
+5 2
-1 1
+1 2
+1 2
-1 1
+4 1
-13 4
+4 8
+4 1
-1 1
-58 4

fl=(36)
fn=(120)
34 3
-1 3
+1 3
+1 18
+4 3

totals: 18823928873
