version: 1
creator: callgrind-3.11.0
pid: 557
cmd:  ./testDeck
part: 1


desc: I1 cache: 
desc: D1 cache: 
desc: LL cache: 

desc: Timerange: Basic block 0 - 130329356
desc: Trigger: Program termination

positions: line
events: Ir
summary: 551064750


ob=(3) /lib/x86_64-linux-gnu/libc-2.23.so
fl=(50) /build/glibc-Cl5G7W/glibc-2.23/string/../sysdeps/x86_64/multiarch/strcspn.S
fn=(190) strpbrk
45 1
+1 1
+1 1
+1 1
+1 1
+1 1

fn=(186) strcspn
45 1
+1 1
+1 1
+1 1
+1 1
+1 1

fl=(64) /build/glibc-Cl5G7W/glibc-2.23/elf/dl-altinit.c
fn=(248) dlinit_alt
33 3
+1 1

fl=(49) /build/glibc-Cl5G7W/glibc-2.23/elf/../sysdeps/unix/sysv/linux/dl-vdso.c
fn=(184) _dl_vdso_vsym
27 8
+4 8
-3 8

fl=(85) /build/glibc-Cl5G7W/glibc-2.23/misc/sbrk.c
fn=(342) sbrk
34 2
+8 2
-8 6
+8 9
+4 4
+4 6
+12 5
-19 2
cfi=(86) /build/glibc-Cl5G7W/glibc-2.23/misc/../sysdeps/unix/sysv/linux/x86_64/brk.c
cfn=(344) brk
calls=1 -12 
* 12
* 4
+15 2
cfi=(86)
cfn=(344)
calls=1 -27 
* 12
* 2
+4 5

fl=(82) /build/glibc-Cl5G7W/glibc-2.23/elf/dl-addr.c
fn=(324) _dl_addr
126 9
+5 1
-5 2
+5 2
cob=(1) /lib/x86_64-linux-gnu/ld-2.23.so
cfi=(2) /build/glibc-Cl5G7W/glibc-2.23/elf/rtld.c
cfn=(50) rtld_lock_default_lock_recursive
calls=1 704 
* 2
+2 2
cob=(1)
cfi=(66) /build/glibc-Cl5G7W/glibc-2.23/elf/../sysdeps/x86_64/dl-trampoline.h
cfn=(261) _dl_runtime_resolve_avx'2
calls=1 -69 
* 1190
* 5
+2 2
30 1
+1 1
-1 1
+1 1
+3 2
+5 1
+6 1
-7 1
+2 2
+2 1
-2 1
+2 1
+3 1
+5 8
+2 1
+1 2
-1 1010
+1 2020
+2 3628
+9 2010
+7 24
-2 24
+2 2259
-2 2211
+2 5750
-10 11175
+2 8940
+1 14318
+7 1011
-21 2022
+49 3
+1 1
+1 3
+3 2
+37 2
cob=(1)
cfi=(2)
cfn=(52) rtld_lock_default_unlock_recursive
calls=1 710 
* 2
+3 9
-28 1
+1 1
+21 2

fl=(47) /build/glibc-Cl5G7W/glibc-2.23/time/../sysdeps/unix/sysv/linux/x86/time.c
fn=(180) time
38 1
-1 1
+1 6
fi=(48) /build/glibc-Cl5G7W/glibc-2.23/time/../sysdeps/generic/dl-hash.h
+10 3
+14 4
-17 3
+3 9
+14 12
-17 9
fe=(47)
-7 3
+3 2
-3 1
+3 1
cfi=(49)
cfn=(184)
calls=1 -14 
* 6
+1 3
+1 2

fl=(90) /build/glibc-Cl5G7W/glibc-2.23/stdio-common/isoc99_scanf.c
fn=(364) __isoc99_scanf
27 70
+5 133
+4 7
-2 7
+3 28
-1 35
+1 7
cfi=(91) /build/glibc-Cl5G7W/glibc-2.23/stdio-common/vfscanf.c
cfn=(366) _IO_vfscanf
calls=7 279 
* 3840
fi=(95) /build/glibc-Cl5G7W/glibc-2.23/stdio-common/../libio/libioP.h
875 7
+1 7
fe=(90)
37 7
fi=(95)
876 7
+1 56
fe=(90)
44 28

fl=(86)
fn=(344)
31 16
+8 2
-6 4
+7 2

fl=(76) /build/glibc-Cl5G7W/glibc-2.23/libio/fileops.c
fn=(350) _IO_file_read
1216 4
cfi=(87) /build/glibc-Cl5G7W/glibc-2.23/io/../sysdeps/unix/syscall-template.S
cfn=(352) read
calls=1 84 
* 7

fn=(304) _IO_file_underflow@@GLIBC_2.2.5
539 3
+6 3
-14 4
+17 2
+13 2
+20 2
cfi=(75) /build/glibc-Cl5G7W/glibc-2.23/libio/genops.c
cfn=(348) _IO_switch_to_get_mode
calls=1 176 
* 20
+6 1
+5 4
-5 2
+1 1
+2 1
-1 2
+3 1
cfn=(350)
calls=1 1216 
* 11
+2 2
+16 1
-9 1
+9 2
+2 2
+1 4
-62 3
+5 2
cfi=(75)
cfn=(306) _IO_doallocbuf
calls=1 395 
* 59039
* 2

fn=(310) _IO_file_stat
1229 1
+1 3
cfi=(78) /build/glibc-Cl5G7W/glibc-2.23/io/../sysdeps/unix/sysv/linux/wordsize-64/fxstat.c
cfn=(312) _fxstat
calls=1 34 
* 10

fl=(52) /build/glibc-Cl5G7W/glibc-2.23/time/../sysdeps/unix/sysv/linux/x86/gettimeofday.c
fn=(194) gettimeofday
37 1
-1 1
+1 6
fi=(48)
+11 3
+14 4
-17 3
+3 9
+14 12
-17 9
fe=(52)
-8 3
+3 2
-3 1
+3 1
cfi=(49)
cfn=(184)
calls=1 -13 
* 6
+1 3
+1 2

fl=(87)
fn=(352)
84 2
cfn=(354) __read_nocancel
calls=1 * 
* 5

fn=(354)
84 5

fl=(60) /build/glibc-Cl5G7W/glibc-2.23/string/../sysdeps/x86_64/strrchr.S
fn=(236) rindex
24 1
+1 1
+1 1
+1 1
+1 1
+1 1
+1 1
+1 1
+1 1
+1 1
+1 1
+1 1
+1 1
+1 1
+1 1
+1 1
+1 1
+1 1
+1 1
+1 1
+1 1
+1 1
+1 1
+1 1

fl=(51) /build/glibc-Cl5G7W/glibc-2.23/string/../sysdeps/x86_64/multiarch/strspn.S
fn=(192) strspn
30 1
+1 1
+1 1
+1 1
+1 1
+1 1

fl=(75)
fn=(302) _IO_default_uflow
413 1
-1 2
+1 1
cfi=(76)
cfn=(304)
calls=1 539 
* 59117
+1 2
+2 4
+1 2

fn=(306)
395 2
-1 3
+3 4
+1 3
cfi=(77) /build/glibc-Cl5G7W/glibc-2.23/libio/filedoalloc.c
cfn=(308) _IO_file_doallocate
calls=1 95 
* 59021
* 2
+3 4

fn=(368) _IO_sputbackc
673 14
+3 14
-3 14
+3 28
+1 56
+9 14
+3 28
-10 42

fn=(300) __uflow
348 1
+2 4
+6 6
+3 2
+2 2
+6 2
+7 2
+1 1
-1 2
cfn=(302)
calls=1 +39 
* 59129
-2 3

fn=(346) _IO_setb
380 3
+1 4
+3 1
+2 4
-3 1
+3 2
+3 3

fn=(348)
176 2
-1 2
+1 1
+3 3
+5 1
-1 2
+1 1
+7 1
-4 1
+2 2
+2 1
+1 1
+1 2

fl=(79) /build/glibc-Cl5G7W/glibc-2.23/malloc/malloc.c
fn=(338) sysmalloc
2268 8
+20 1
+11 1
-11 1
+11 1
+1 5
fi=(81) /build/glibc-Cl5G7W/glibc-2.23/malloc/arena.c
488 3
fe=(79)
2315 5
+65 1
+1 3
+10 1
-9 1
+9 5
+6 4
+3 3
2723 2
+1 1
+8 4
+5 1
-3 1
+3 1
-2 1
+2 3
+1 1
-1 1
-1 1
+4 1
-3 2
+1 1
+8 9
2463 1
-8 4
+8 1
+21 5
cfi=(84) /build/glibc-Cl5G7W/glibc-2.23/malloc/morecore.c
cfn=(340) __default_morecore
calls=1 46 
* 62
* 1
+1 1
+3 4
+3 2
+1 2
+20 2
+26 2
+2 2
+6 1
-6 1
+6 1
2321 1
2464 1
+10 5
+8 1
-8 1
+8 1
+67 7
+37 2
+6 3
+19 1
+3 2
+1 5
+2 1
-2 1
+2 1
+1 3
cfi=(84)
cfn=(340)
calls=1 46 
* 25
+12 2
+8 1
+1 1
-1 2
+1 2
+39 1
+1 1
-2 1
+1 3
+12 1
-12 1
+1 1
+11 1
2539 5

fn=(400) _int_free
3841 20572146
+13 2285794
-13 2285794
+13 4571588
+6 9143176
+1 4571588
+11 9143176
+13 4571588
+11 9143176
+1 6857382
1886 2285794
3921 2285794
1886 4571588
3923 6857382
+1 4571588
+4 2285794
-4 2285794
+1 2285794
+9 16000558
+9 9143176
+2 2285794
+2 13714764
4105 18286352
3949 9143176

fn=(316) malloc
2902 6857721
+5 4571814
+1 4571814
+3 18287248
+2 6857718
cfn=(334) _int_malloc
calls=2285906 3349 
* 132592740
+3 2285906
-3 2285906
+3 2285906
+8 9143624
+2 25144966
+3 9143624
-18 13715436
-2 1
+20 3
-20 1
cfi=(80) /build/glibc-Cl5G7W/glibc-2.23/malloc/hooks.c
cfn=(318) malloc_hook_ini
calls=1 29 
* 58940

fn=(398) free
2934 11428970
+5 4571588
+1 4571588
+6 4571588
+5 2285794
-2 2285794
+2 4571588
+16 6857382
+1 4571588
cfn=(400)
calls=2285794 3841 
* 169148756
+1 13714764

fn=(334)
3349 6857721
-30 4571814
+30 2285907
-30 9143628
+30 6857721
-30 2285907
+30 6857721
+4 6857721
+14 4571814
+2 6857718
+2 2285906
-1 2285906
-1 2285906
+1 2285906
+5 4571812
+3 11428970
+1 2285794
-1 2285794
+1 4571588
+25 226
+2 339
+1 339
+2 113
-2 113
+2 226
+2 2
+39 2
cfn=(336) malloc_consolidate
calls=1 4144 
* 651
3819 1582
-2 113
+2 113
-2 113
+2 226
5002 113
3817 113
+2 113
5004 113
3819 113
5004 113
3819 339
5004 226
3819 452
5002 226
3469 565
-87 11428970
1879 2285794
3770 2285794
1879 4571588
3833 20573163
3603 226
+73 226
+1 226
+1 226
+1 226
+1 226
+5 226
+4 339
+3 452
-3 339
+3 452
-3 226
+3 336
3792 113
+3 113
-2 226
+2 226
+17 2
1879 4
3827 3
cfn=(338)
calls=1 2268 
* 249
+1 2
-28 112
-3 112
+1 112
+2 112
-1 112
+1 224
+2 112
-2 448
+2 112
+3 112
1879 336

fn=(336)
4144 2
4996 4
1808 3
-3 2
+3 378
-3 252
+7 3
+5 1
+2 1
-2 2
-1 3

fl=(70) /build/glibc-Cl5G7W/glibc-2.23/setjmp/../sysdeps/x86_64/bsd-_setjmp.S
fn=(286) _setjmp
30 1
+2 1
cfi=(71) /build/glibc-Cl5G7W/glibc-2.23/setjmp/../sysdeps/x86_64/setjmp.S
cfn=(288) __sigsetjmp
calls=1 -6 
* 28

fl=(84)
fn=(340)
46 2
+1 2
cfi=(85)
cfn=(342)
calls=2 -13 
* 73
+1 6
+4 4

fl=(74) /build/glibc-Cl5G7W/glibc-2.23/libio/getc.c
fn=(298) getc
34 44
+3 44
-3 44
+3 616
+1 261
fi=(88) /build/glibc-Cl5G7W/glibc-2.23/libio/libioP.h
866 88
+1 352
fe=(74)
41 132
-3 2
cfi=(75)
cfn=(300)
calls=1 348 
* 59154
* 2

fl=(71)
fn=(288)
26 1
+9 1
+1 2
+1 1
+4 1
+1 1
+1 1
+1 1
+1 1
+2 2
+2 1
+1 1
+1 1
+2 2
+2 1
+9 1
cfi=(72) /build/glibc-Cl5G7W/glibc-2.23/setjmp/sigjmp.c
cfn=(290) __sigjmp_save
calls=1 -36 
* 9

fl=(46) /build/glibc-Cl5G7W/glibc-2.23/string/../sysdeps/x86_64/multiarch/strcmp.S
fn=(188) strncasecmp
129 1
+1 1
+1 1
+1 1
+10 1

fn=(178) strcasecmp
109 1
+1 1
+1 1
+1 1
+10 1

fl=(62) /build/glibc-Cl5G7W/glibc-2.23/string/../sysdeps/x86_64/cacheinfo.c
fn=(244) intel_check_word
133 8
+6 4
-7 20
+7 16
-7 4
+7 4
+2 4
-2 4
+2 4
+68 8
+3 24
-69 4
+2 8
-2 6
+2 12
+8 20
+51 16
+22 8
fi=(63) /build/glibc-Cl5G7W/glibc-2.23/string/../bits/stdlib-bsearch.h
27 8
+1 16
+3 16
+1 8
fe=(62)
+89 16
fi=(63)
-90 12
+1 6
fe=(62)
+89 12
+3 54
fi=(63)
-95 44
+2 44
-2 44
+2 80
+1 40
fe=(62)
+89 80
251 8
141 16
-6 2
256 24
fi=(63)
37 10
-8 24
fe=(62)
165 6
+3 6
+4 4
+2 4
+1 14
+2 7
-12 2
+12 2
+1 10
+1 10
+1 6
+17 3
-32 9
+3 9
+4 6
+2 6
+1 12
+2 12
+5 2
+2 4
+2 32

fn=(240) init_cacheinfo
482 2
+12 1
-12 3
+12 3
+2 4
cfn=(242) handle_intel
calls=1 262 
* 455
+4 2
-4 1
+4 1
cfn=(242)
calls=1 262 
* 547
+2 1
-2 1
-1 1
+3 1
+9 2
+2 1
+1 1
+2 1
+5 2
+9 4
-9 4
+9 16
-9 12
+6 8
+69 4
+1 5
+55 2
+2 1
+1 1
+2 1
-3 1
+5 1
-5 1
+4 3
+4 2
+2 1
+1 1
+2 1
-3 1
+5 1
-5 1
+4 2
+3 1
-3 1
+3 5
532 1
+32 1
-26 6
+7 5
+2 1
+1 1
+1 2
-4 4
+2 1
+1 1
+1 6
+2 2
-6 2
+6 2
+5 1
+2 2
+1 1
-1 1
+1 3
+6 1
-1 1
+1 5

fn=(242)
262 4
-1 4
+17 2
-17 12
+14 2
+1 4
-3 6
+23 8
cfn=(244)
calls=2 133 
* 666
+1 4
+3 10
cfn=(244)
calls=2 133 
* 238
+1 4
-17 4
+5 2
-5 6
+5 2
+2 2
+1 2
-1 4
+27 16

fl=(80)
fn=(318)
29 4
fi=(81)
260 1
fe=(80)
30 1
fi=(81)
260 1
fe=(80)
30 1
fi=(81)
260 1
fi=(79)
2911 7
+2 3
cfn=(334)
calls=1 3349 
* 1035
+3 1
-3 1
+3 1
+8 4
+2 11
fe=(80)
33 4
fi=(79)
2911 6
+12 1
cfi=(81)
cfn=(322) ptmalloc_init.part.5
calls=1 258 
* 57854
* 1
-15 2
fe=(80)

fl=(72)
fn=(290)
28 1
+1 1
-1 2
+1 2
+5 3

fl=(78)
fn=(312)
34 1
-1 1
+1 1
+1 6
+4 1

fl=(97) /build/glibc-Cl5G7W/glibc-2.23/ctype/../include/ctype.h
fn=(390) __ctype_b_loc
38 8
+1 4

fl=(69) /build/glibc-Cl5G7W/glibc-2.23/stdlib/cxa_atexit.c
fn=(268) __cxa_atexit
57 5
-22 1
+22 1
-22 1
cfn=(270) __new_exitfn
calls=1 +38 
* 38
+2 2
+4 1
+3 1
+1 1
-4 2
+2 1
+4 1
+1 1
+11 4

fn=(270)
73 2
+6 1
-6 1
+6 1
-6 1
+6 4
+2 6
+2 3
-2 1
+10 2
-10 2
+45 1
+1 1
+3 4
+3 5
-21 1
+1 2

fl=(93) /build/glibc-Cl5G7W/glibc-2.23/stdlib/../stdlib/strtol_l.c
fn=(372) ____strtol_l_internal
227 63
+26 14
+22 7
-1 7
+10 28
+9 42
+2 14
+5 14
+5 7
-6 7
+6 7
+4 14
+10 14
+10 21
526 56
326 14
-79 7
371 7
+64 28
+38 7
-18 7
-4 7
+22 7
-19 7
-3 7
+4 7
-4 7
+4 14
-4 14
-14 21
-4 14
+2 35
+44 14
+5 14
+1 7
+5 14
+3 21
-28 21
+3 28
+5 7
+1 28
+17 21
+17 14
348 28

fl=(61) /build/glibc-Cl5G7W/glibc-2.23/ctype/ctype-info.c
fn=(238) __ctype_init
31 5
+2 1
+2 1
-4 1
+4 1
-4 1
+2 3
+2 3

fl=(56) /build/glibc-Cl5G7W/glibc-2.23/csu/../csu/init-first.c
fn=(228) _init
52 8
+6 3
+14 1
fi=(58) /build/glibc-Cl5G7W/glibc-2.23/csu/../sysdeps/unix/sysv/linux/x86_64/init-first.c
-36 1
fe=(56)
+34 1
+1 1
fi=(58)
-35 3
fe=(56)
+36 1
fi=(58)
-36 3
fi=(57) /build/glibc-Cl5G7W/glibc-2.23/csu/../sysdeps/generic/dl-hash.h
+12 3
+14 4
-17 3
+3 9
+14 12
-17 9
fi=(58)
-9 3
+2 2
-2 1
+2 2
cfi=(49)
cfn=(184)
calls=1 -11 
* 6
+1 2
+5 2
-3 2
+1 1
+2 1
cfi=(49)
cfn=(184)
calls=1 -17 
* 6
fe=(56)
+42 3
fi=(58)
-41 2
+1 1
fe=(56)
+40 1
cfi=(59) /build/glibc-Cl5G7W/glibc-2.23/misc/init-misc.c
cfn=(234) __init_misc
calls=1 -55 
* 48
+8 1
cfi=(61)
cfn=(238)
calls=1 -63 
* 16
+5 6
-34 1
-7 1
+7 4
fi=(58)
-25 2
fe=(56)

fl=(92) /build/glibc-Cl5G7W/glibc-2.23/stdlib/../stdlib/strtol.c
fn=(370) __strtol_internal
98 21
cfi=(93)
cfn=(372)
calls=7 227 
* 742

fl=(81)
fn=(322)
258 6
+13 1
-8 1
+8 1
+6 3
+2 5
+16 2
-56 23
-18 72
+2 46
340 2
+6 2
+1 2
+2 1
+1 7
-78 5
cfi=(82)
cfn=(324)
calls=1 126 
* 57669
* 2
+1 4

fl=(77)
fn=(308)
95 5
+15 6
cfi=(76)
cfn=(310)
calls=1 1229 
* 14
* 2
+2 4
+11 3
+4 2
cob=(2) ???
cfi=(16) ???
cfn=(314) 0x0000000004c498a0
calls=1 0 
* 58953
* 1
+2 1
-1 2
+2 4
cfi=(75)
cfn=(346)
calls=1 380 
* 18
+1 1
+1 5

fl=(91)
fn=(366)
279 70
+11 7
-11 14
+11 14
+1 7
fi=(94) /build/glibc-Cl5G7W/glibc-2.23/stdio-common/../include/scratch_buffer.h
79 7
fe=(91)
291 7
fi=(94)
78 28
fe=(91)
341 42
+6 21
+3 35
+4 7
+20 7
-20 7
+20 7
-13 14
+6 7
+2 21
+5 7
-5 7
+5 42
2671 7
315 7
-30 7
-1 14
+95 7
2671 7
2215 14
334 14
-4 7
-1 7
-1 14
-1 7
-32 7
-12 7
2215 7
383 42
+37 21
+23 7
+1 7
-1 7
+1 7
3024 56
fi=(94)
86 35
fe=(91)
3027 21
+3 14
+17 28
+6 63
449 14
347 14
+27 42
+92 7
223 7
+1 14
489 28
-6 21
+24 14
+21 7
+7 7
-7 21
+10 70
+80 14
+5 14
-1 7
+1 7
+1 28
+3 7
+1 28
-1 14
+1 7
-1 7
+1 35
+6 66
+3 22
-3 22
+3 33
-3 22
+3 7
+1 14
+1 35
-1 7
+1 28
+4 7
-4 14
cfi=(75)
cfn=(368)
calls=7 +34 
* 105
+4 56
-19 21
+12 14
507 63
288 7
3014 35
538 14
1404 63
+5 7
-5 7
+5 14
+9 35
1748 35
fi=(94)
114 28
fe=(91)
1739 56
+2 28
+5 84
+64 21
+7 21
+1 14
+28 42
cfi=(75)
cfn=(368)
calls=7 673 
* 105
* 7
261 14
+3 28
1850 14
+17 7
+1 21
-1 7
+1 7
-1 14
+1 7
cfi=(92)
cfn=(370)
calls=7 98 
* 763
+6 21
+3 28
+2 14
+4 14
2458 21
1396 7
+1 7
-2 7
+2 7
643 7
-4 14
1743 7
261 21
+3 21
1805 28
+2 70
-59 35
1441 21
+3 49
1820 28
+65 14
+17 70
-15 14
+1 21

fl=(68) /build/glibc-Cl5G7W/glibc-2.23/csu/../csu/libc-start.c
fn=(266) (below main)
134 7
+4 1
-4 3
+4 3
+82 1
-82 1
+82 1
+1 4
cfi=(69)
cfn=(268)
calls=1 57 
* 60
+22 4
+3 2
+1 5
cob=(5) /mnt/c/Users/brosa/OneDrive/Yale/Sopho/Semester 2/CS223/Hwk4/testDeck
cfi=(65) ???
cfn=(272) __libc_csu_init
calls=1 0 
* 56
+4 4
+15 2
+12 2
cfi=(70)
cfn=(286)
calls=1 30 
* 30
+1 2
+5 2
+1 2
+3 2
+3 6
cob=(5)
cfi=(73) /mnt/c/Users/brosa/OneDrive/Yale/Sopho/Semester 2/CS223/Hwk4/testDeck.c
cfn=(292) main
calls=1 33 
* 550971505
138 2

fl=(59)
fn=(234)
31 2
-1 3
+1 4
+2 3
cfi=(60)
cfn=(236)
calls=1 -9 
* 24
+4 5
+1 3
+2 4

fl=(53) ???
fn=(198) memcpy@GLIBC_2.2.5
0 11

ob=(5)
fl=(73)
fn=(292)
33 8
+1 1
+37 1
-37 2
fi=(89) /usr/include/x86_64-linux-gnu/bits/stdio.h
+12 2
cob=(1)
cfi=(66)
cfn=(261)
calls=1 +18 
* 60072
* 5
* 18
cob=(3)
cfi=(74)
cfn=(298)
calls=9 -12 
* 324
* 9
fe=(73)
* 30
+1 42
+53 66
fi=(89)
-54 68
cob=(3)
cfi=(74)
cfn=(298)
calls=34 -12 
* 1224
* 34
fe=(73)
+54 69
-51 12
cob=(3)
cfi=(90)
cfn=(364)
calls=2 -22 
* 1194
cob=(1)
cfi=(66)
cfn=(261)
calls=1 +15 
* 1571
* 7
* 6
+1 6
cfi=(96) /mnt/c/Users/brosa/OneDrive/Yale/Sopho/Semester 2/CS223/Hwk4/deck.c
cfn=(378) deckCreate
calls=3 -14 
* 25688
* 3
+1 3
+32 8
cob=(3)
cfi=(90)
cfn=(364)
calls=2 -56 
* 1224
* 2
* 4
+1 8
cob=(3)
cfi=(90)
cfn=(364)
calls=2 -57 
* 1224
* 2
* 4
+1 10
cfi=(96)
cfn=(392) deckShuffle
calls=2 +54 
* 550877638
* 1
+1 1
+18 4
cob=(3)
cfi=(97)
cfn=(390)
calls=3 -66 
* 9
cob=(1)
cfi=(66)
cfn=(261)
calls=1 -40 
* 877
* 8
* 16

fl=(96)
fn=(378)
36 6
+7 3
-7 12
+7 3
cob=(3)
cfi=(79)
cfn=(316)
calls=2 2902 
* 299
cob=(1)
cfi=(66)
cfn=(261)
calls=1 +21 
* 1068
* 7
* 3
+1 15
+6 6
+2 3
-2 9
+1 3
+1 6
cfn=(384) deckPutCard
calls=3 +46 
* 548
-8 18
+6 12
+2 6
-2 18
+1 6
+1 12
cfn=(384)
calls=6 +46 
* 1284
-2 198
+2 99
-2 297
+1 99
+1 198
cfn=(384)
calls=99 +46 
* 21186
-5 225
-1 18
+11 21

fn=(384)
98 6857703
+2 2285901
-2 4571802
+2 2285901
cob=(3)
cfi=(79)
cfn=(316)
calls=2285901 2902 
* 237743532
* 2285901
+4 2285901
-2 2285901
+1 2285901
+1 2285901
+4 210
+2 105
+3 420
-8 2285796
+5 2285796
+3 9143184

fn=(392)
139 16
+5 2
-5 2
+5 2
cob=(3)
cfi=(79)
cfn=(316)
calls=2 2902 
* 390
* 2
+7 2
-7 2
+1 4
+6 3
+7 4571586
cfn=(384)
calls=2285793 -60 
* 278866837
-74 2285792
+3 2285792
-3 4571584
+3 2285792
+3 2285792
cob=(3)
cfi=(79)
cfn=(398)
calls=2285792 2934 
* 228579200
* 2285792
+61 16000544
+1 2285793
+1 2285793
-1 2285793
+10 2
62 2
+3 2
cob=(1)
cfi=(66)
cfn=(261)
calls=1 -1 
* 998
* 5
-3 2
+3 2
cob=(3)
cfi=(79)
cfn=(398)
calls=1 2934 
* 100
* 1
170 9

fl=(65)
fn=(278) 0x0000000000400d00
0 16

fn=(272)
0 15
cob=(2)
cfi=(16)
cfn=(274) 0x0000000000400750
calls=1 0 
0 6
0 8
cfn=(278)
calls=1 0 
0 16
0 11

fn=(252) _start
0 11
cob=(1)
cfi=(66)
cfn=(260) _dl_runtime_resolve_avx
calls=1 64 
0 550972693
0 5

ob=(2)
fl=(16)
fn=(216) 0x0000000004a28530
0 6

fn=(274)
0 6

fn=(82) 0x0000000004000ab0
0 1
cob=(1)
cfi=(17) /build/glibc-Cl5G7W/glibc-2.23/elf/dl-minimal.c
cfn=(84) free
calls=1 120 
0 6

fn=(314)
0 1
cob=(3)
cfi=(79)
cfn=(316)
calls=1 2902 
0 58952

ob=(1)
fl=(2)
fn=(92) handle_ld_preload
757 7
+1 1
-1 1
-75 1
+86 1
-11 1
-75 6
+80 3
fi=(31) /build/glibc-Cl5G7W/glibc-2.23/elf/../string/bits/string2.h
961 1
+1 145
+1 46
-2 46
+2 46
-2 139
+2 1
-2 3
fe=(2)
766 2
+10 4
108 3
779 2
677 1
+5 5
-10 1
+4 1
+1 1
+1 1
+2 1
+2 1
cfi=(32) /build/glibc-Cl5G7W/glibc-2.23/elf/dl-error.c
cfn=(96) _dl_catch_error
calls=1 163 
* 2434
+1 3
+13 3
+84 1
-18 3
+21 9
-15 4
cfi=(18) /build/glibc-Cl5G7W/glibc-2.23/string/../sysdeps/x86_64/multiarch/../memcpy.S
cfn=(46) memcpy
calls=1 61 
* 81
* 1
+1 2

fn=(52)
710 8

fn=(98) _dl_initial_error_catch_tsd
664 8

fn=(160) init_tls
589 1
+6 1
-6 1
+2 2
+4 1
+10 4
cfi=(17)
cfn=(36) calloc
calls=1 103 
* 38
* 1
+11 1
-5 1
-7 1
+6 1
+2 1
-1 1
+5 1
+2 1
-1 1
+1 10
+2 8
+4 1
+2 1
-2 2
-5 8
+9 3
+3 1
cfi=(30) /build/glibc-Cl5G7W/glibc-2.23/elf/dl-tls.c
cfn=(162) _dl_determine_tlsoffset
calls=1 138 
* 71
+7 1
cfi=(30)
cfn=(164) _dl_allocate_tls_storage
calls=1 354 
* 439
+1 1
-1 1
+1 1
+6 1
+3 1
-3 1
+3 6
+3 1
+2 1
+1 2

fn=(26) dl_main
790 1
+19 1
-19 7
2390 1
790 3
+19 1
+3 1
-22 1
2385 1
812 1
+4 2
+1 2
+5 2
2383 2
+7 4
-4 1
+4 8
+2 2
cfi=(13) /build/glibc-Cl5G7W/glibc-2.23/elf/dl-environ.c
cfn=(28) _dl_next_ld_env_entry
calls=1 30 
* 34
* 4
cfi=(13)
cfn=(28)
calls=2 30 
* 137
* 9
+4 50
+1 19
-1 57
+3 4
+6 14
2553 3
+30 3
832 3
1033 7
cfi=(15) /build/glibc-Cl5G7W/glibc-2.23/elf/dl-object.c
cfn=(32) _dl_new_object
calls=1 61 
* 250
+2 1
-2 1
+2 1
+1 1
+1 1
+5 2
-5 1
+1 2
+4 1
cfi=(15)
cfn=(48) _dl_add_to_namespace_list
calls=1 32 
* 33
+1 3
799 1
1072 1
-3 1
-5 1
+1 1
+2 1
+5 7
+56 5
-55 24
-1 27
+1 47
1175 5
+3 2
+2 2
+2 3
+13 3
+1 6
cfi=(19) /build/glibc-Cl5G7W/glibc-2.23/string/../sysdeps/x86_64/multiarch/../strcmp.S
cfn=(54) strcmp
calls=1 144 
* 44
* 2
+7 1
+3 1
-5 1
+3 1
+2 1
+1 2
+4 2
+2 2
fi=(3) /build/glibc-Cl5G7W/glibc-2.23/elf/get-dynamic-info.h
30 1
+9 2
+6 1
-2 1
+2 2
+15 1
+5 1
+3 1
+2 1
-3 1
-3 1
-3 14
+10 3
-26 9
+16 19
+10 19
-26 57
+26 1
-26 3
+2 46
+13 16
+2 4
+16 3
+38 3
+5 2
+7 2
+1 3
+16 3
+14 3
+18 2
fe=(2)
1218 2
cfi=(6) /build/glibc-Cl5G7W/glibc-2.23/elf/dl-lookup.c
cfn=(10) _dl_setup_hash
calls=1 956 
* 23
+3 2
fi=(20) /build/glibc-Cl5G7W/glibc-2.23/elf/setup-vdso.h
24 2
fe=(2)
1243 1
cfi=(9) /build/glibc-Cl5G7W/glibc-2.23/elf/../sysdeps/unix/sysv/linux/dl-sysdep.c
cfn=(60) _dl_discover_osversion
calls=1 45 
* 85
* 8
-75 2
+1 2
+1 1
-6 2
+1 1
-88 3
+1 1
+50 2
-1 8
+2 4
+1 1
+3 2
+1 2
-1 2
+1 2
+1 2
+1 6
+1 2
-43 1
-2 2
+27 1
-25 2
+7 1
-10 1
+10 1
-19 3
+1 1
fi=(3)
65 4
+3 4
+2 4
fe=(2)
2480 1
+1 1
-1 2
+1 3
cfi=(14) /build/glibc-Cl5G7W/glibc-2.23/string/../sysdeps/x86_64/multiarch/../memcmp.S
cfn=(30) bcmp
calls=1 24 
* 31
* 2
-55 4
cfi=(14)
cfn=(30)
calls=1 24 
* 18
* 2
+7 4
cfi=(14)
cfn=(30)
calls=1 24 
* 36
* 2
+2 3
+48 3
1248 2
cfi=(22) /build/glibc-Cl5G7W/glibc-2.23/elf/dl-load.c
cfn=(64) _dl_init_paths
calls=1 689 
* 1578
+3 3
cfi=(29) /build/glibc-Cl5G7W/glibc-2.23/elf/dl-debug.c
cfn=(86) _dl_debug_initialize
calls=1 50 
* 17
+7 1
-7 1
+2 1
+5 1
+3 3
+1 1
+3 1
-3 3
+1 2
+3 1
+5 1
-7 1
+7 1
+1 5
+17 2
+1 2
+5 1
-3 4
+2 2
+1 3
+5 3
+1 5
+2 2
+1 2
+5 2
+5 1
805 1
1314 2
1491 1
cfi=(30)
cfn=(88) _dl_count_modids
calls=1 115 
* 4
* 1
+8 3
+3 1
+4 3
+5 1
+1 1
cfi=(29)
cfn=(90) _dl_debug_state
calls=1 74 
* 1
+1 1
+4 3
+15 3
+4 1
-2 1
+2 2
+2 3
+1 1
-1 2
+1 1
cfn=(92)
calls=1 757 
* 3012
* 1
+1 1
+2 6
+10 3
cfi=(24) /build/glibc-Cl5G7W/glibc-2.23/io/../sysdeps/unix/syscall-template.S
cfn=(68) access
calls=1 84 
* 9
* 2
+77 1
-96 1
+96 3
+17 3
+1 1
-1 1
+1 2
-1 1
+1 5
cfi=(41) /build/glibc-Cl5G7W/glibc-2.23/elf/dl-deps.c
cfn=(134) _dl_map_object_deps
calls=1 161 
* 6705
+1 1
+2 2
+3 1
-3 3
+3 1
-3 1
+3 3
+1 4
-1 2
+1 12
-1 6
+4 3
+1 3
+1 1
+2 2
+1 6
-1 5
+1 5
-1 3
-3 1
+16 1
+1 2
-1 1
+1 1
+2 1
+2 3
+2 1
-4 1
+5 1
-1 2
+14 2
+1 2
+1 3
+11 1
+2 1
-2 1
+2 2
-1 1
+1 1
-2 3
+2 1
cfi=(32)
cfn=(150) _dl_receive_error
calls=1 205 
* 3268
+10 1
+1 1
-1 1
+1 1
+1 1
cfn=(160)
calls=1 589 
* 619
* 1
+2 2
719 1
+2 3
fi=(98) /build/glibc-Cl5G7W/glibc-2.23/elf/../sysdeps/unix/sysv/linux/dl-osinfo.h
77 1
fe=(2)
730 1
+7 1
-5 1
1729 3
1959 3
2129 4
+2 1
+5 3
cfi=(30)
cfn=(202) _dl_allocate_tls_init
calls=1 450 
* 147
+3 2
+9 3
+2 2
+15 1
+2 1
-2 2
+3 1
-3 1
+3 1
-3 1
+3 3
cfi=(45) /build/glibc-Cl5G7W/glibc-2.23/elf/dl-reloc.c
cfn=(166) _dl_relocate_object
calls=1 149 
* 3984
+1 1
+2 6
+8 1
cfi=(7) /build/glibc-Cl5G7W/glibc-2.23/elf/../elf/dl-sysdep.c
cfn=(204) _dl_sysdep_start_cleanup
calls=1 256 
* 1
+4 3
+20 3
cfi=(29)
cfn=(86)
calls=1 50 
* 8
+1 1
-1 1
+2 1
cfi=(29)
cfn=(90)
calls=1 74 
* 1
+1 1
+4 1
cfi=(43) /build/glibc-Cl5G7W/glibc-2.23/elf/dl-cache.c
cfn=(206) _dl_unload_cache
calls=1 322 
* 15
+5 8
2080 3
+7 1
+2 3
+19 1
-19 4
+2 1
+2 12
+5 8
+2 8
+6 4
+2 8
+1 24
cfi=(45)
cfn=(166)
calls=3 149 
* 67970
+4 14
-22 10
+25 1
+2 5
+6 1
-6 1
+6 1
-10 2
cfi=(30)
cfn=(200) _dl_add_to_slotinfo
calls=1 890 
* 20
* 1
-12 1
+1 1
-3 2
-85 1
+11 1
-7 1
-4 1
+4 3
+4 2
+3 1
1672 2
-39 5
+1 1
-1 3
+4 3
+1 1
+1 2
+1 2
1237 3

fn=(50)
704 8

fn=(2) _dl_start
353 9
+18 4
fi=(5) /build/glibc-Cl5G7W/glibc-2.23/elf/../sysdeps/x86_64/dl-machine.h
59 1
fe=(2)
371 1
fi=(3)
45 1
fi=(5)
+14 2
fe=(2)
397 1
fi=(3)
45 1
fe=(2)
394 1
fi=(3)
45 1
+25 2
-3 1
-7 1
+5 1
+3 1
+2 1
-3 1
-3 1
-3 2
-13 26
+23 13
-26 39
+26 1
-26 3
+2 36
+13 20
+1 16
+10 4
-26 12
+33 2
+20 4
+1 4
+1 4
+1 4
+2 4
+5 4
+1 4
+1 4
+6 3
+5 2
+7 3
+1 3
+8 3
+2 3
+3 2
+1 2
fe=(2)
408 2
302 1
415 1
302 1
cfi=(6)
cfn=(10)
calls=1 956 
* 23
+1 2
+1 2
+1 2
+1 2
+8 1
+9 1
-9 3
+9 1
-6 1
-3 1
+9 1
cfi=(7)
cfn=(12) _dl_sysdep_start
calls=1 86 
* 89764
* 1
+9 1
+3 4
+4 1
-4 1
+4 1
440 9
fi=(3)
62 4
+3 4
fe=(2)
413 26
fi=(4) /build/glibc-Cl5G7W/glibc-2.23/elf/do-rel.h
84 1
+27 1
-28 1
+28 2
+1 2
fi=(5)
517 2
fi=(4)
112 18
fi=(5)
517 18
+1 20
fi=(4)
111 20
fi=(5)
518 10
fi=(4)
111 10
+5 2
+8 1
fi=(5)
312 1
fi=(4)
124 2
+12 1
+1 3
fi=(5)
266 1
fi=(4)
137 1
fi=(5)
294 1
fi=(4)
137 2
fi=(5)
294 1
fi=(4)
136 5
+1 15
fi=(5)
266 5
fi=(4)
137 5
fi=(5)
294 5
fi=(4)
137 10
fi=(5)
294 5
+9 12
+3 6
-3 12
+3 18
+6 36
fi=(3)
68 4
+2 3
fi=(5)
425 12
fi=(4)
124 19
fe=(2)

fn=(102) map_doit
496 1
+2 1
-2 1
+3 8
cfi=(22)
cfn=(104) _dl_map_object
calls=1 2189 
* 2358
* 1
+2 2

fn=(152) version_check_doit
529 2
+2 4
cfi=(44) /build/glibc-Cl5G7W/glibc-2.23/elf/dl-version.c
cfn=(154) _dl_check_all_versions
calls=1 380 
* 3228
* 2
+4 2

fl=(37) /build/glibc-Cl5G7W/glibc-2.23/misc/../sysdeps/unix/sysv/linux/wordsize-64/mmap.c
fn=(122) mmap
33 8
-1 80
+1 20
+1 80
+2 56
-3 18

fl=(33) /build/glibc-Cl5G7W/glibc-2.23/setjmp/../sysdeps/x86_64/setjmp.S
fn=(100) __sigsetjmp
26 3
+9 3
+1 6
+1 3
+4 3
+1 3
+1 3
+1 3
+1 3
+2 6
+2 3
+1 3
+1 3
+2 6
+2 3
+4 3
+1 3

fl=(10) /build/glibc-Cl5G7W/glibc-2.23/elf/../sysdeps/unix/sysv/linux/x86_64/brk.c
fn=(18) brk
31 7
+8 1
-6 2
+7 1

fl=(34) /build/glibc-Cl5G7W/glibc-2.23/elf/dl-misc.c
fn=(144) _dl_sysdep_read_whole_file
45 2
+7 1
-7 3
+7 1
-7 3
+7 1
cfi=(24)
cfn=(110) open
calls=1 +32 
* 5
+1 2
+2 5
cfi=(36) /build/glibc-Cl5G7W/glibc-2.23/io/../sysdeps/unix/sysv/linux/wordsize-64/fxstat.c
cfn=(120) _fxstat
calls=1 -21 
* 10
* 2
+2 1
+3 1
-3 1
+3 1
+13 2
cfi=(24)
cfn=(132) close
calls=1 +11 
* 5
+3 7
-14 6
cfi=(37)
cfn=(122)
calls=1 -29 
* 33
* 2

fn=(106) _dl_name_match_p
288 220
+1 88
cfi=(19)
cfn=(54)
calls=44 144 
* 1470
* 44
+1 44
-1 44
+3 44
+2 88
+4 45
-4 90
+1 144
cfi=(19)
cfn=(54)
calls=48 144 
* 1690
* 96
-5 3
+11 56
-1 41
+1 164

fl=(67) /build/glibc-Cl5G7W/glibc-2.23/elf/../elf/dl-runtime.c
fn=(262) _dl_fixup
66 14
+5 14
-5 7
+3 14
+3 7
-1 14
-3 7
+5 42
+1 7
-1 7
+1 14
+5 14
+4 14
+4 21
+4 7
+1 35
+2 28
+7 14
-1 7
+1 7
+10 63
cfi=(6)
cfn=(172) _dl_lookup_symbol_x
calls=7 806 
* 5769
* 7
+4 35
+10 42
+16 7
-8 7
+8 21
+4 21
fi=(5)
+90 7
fe=(67)
-86 21

fl=(22)
fn=(76) fillin_rpath
444 7
+2 1
-2 9
+4 3
cfi=(17)
cfn=(78) strsep
calls=1 -94 
* 238
* 3
cfi=(17)
cfn=(78)
calls=1 -94 
* 6
* 6
+7 2
+35 15
+1 8
+55 2
+2 2
cob=(2)
cfi=(16)
cfn=(82)
calls=1 0 
* 7
* 1
-39 2
+4 2
-1 4
cfi=(17)
cfn=(40) malloc
calls=1 94 
* 29
* 1
+3 1
-3 1
+3 2
+5 1
+1 2
-2 1
+2 1
cfi=(25) /build/glibc-Cl5G7W/glibc-2.23/string/../sysdeps/x86_64/memcpy.S
cfn=(70) mempcpy
calls=1 61 
* 31
+3 1
-3 1
+1 1
+2 1
+6 2
+1 1
-1 2
+1 13
+1 11
-1 2
+3 2
+1 3
+7 1
+1 1
-1 2
383 3
cfi=(27) /build/glibc-Cl5G7W/glibc-2.23/string/../sysdeps/x86_64/multiarch/../strchr.S
cfn=(74) index
calls=1 24 
* 23
* 2
+4 2
cfi=(28) /build/glibc-Cl5G7W/glibc-2.23/string/strdup.c
cfn=(80) strdup
calls=1 40 
* 94
* 1
+74 2
+5 2
cfi=(11) /build/glibc-Cl5G7W/glibc-2.23/string/../sysdeps/x86_64/strlen.S
cfn=(22) strlen
calls=1 66 
* 16
+1 2
+7 6
+9 1
-4 3
+4 2
+26 2
+43 1
+3 9
-15 2
-9 2
-57 2

fn=(138) open_path
2040 8
+1 1
+6 1
-6 1
+6 1
+5 9
+52 1
-59 1
-1 1
+60 1
-52 8
+74 4
-62 1
-9 1
+9 1
+7 4
cfi=(25)
cfn=(70)
calls=1 61 
* 31
+1 1
-1 1
+1 5
+20 8
-20 15
+3 8
+5 8
-1 4
+1 8
-1 12
cfi=(25)
cfn=(70)
calls=4 61 
* 85
* 16
cfi=(25)
cfn=(70)
calls=4 61 
* 92
-1 4
+7 4
-7 4
+7 4
+3 36
cfn=(108) open_verify.constprop.7
calls=4 1717 
* 176
* 4
+2 20
+67 7
+7 1
-2 1
+2 3
+3 3
+14 1
-27 1
+27 7
-84 8
+1 36
+6 4
+2 4
-2 4
+2 8
-2 4
+2 4
cfi=(42) /build/glibc-Cl5G7W/glibc-2.23/io/../sysdeps/unix/sysv/linux/wordsize-64/xstat.c
cfn=(140) _xstat
calls=4 34 
* 49
* 8
+1 1
+2 1
-2 1
+2 7
+7 3
-7 3
+7 9
-30 3
+23 6

fn=(64)
689 1
+13 2
-13 8
+13 3
cfi=(23) /build/glibc-Cl5G7W/glibc-2.23/elf/dl-hwcaps.c
cfn=(66) _dl_important_hwcaps
calls=1 39 
* 398
+5 1
-5 1
+5 1
cfi=(17)
cfn=(40)
calls=1 94 
* 29
* 1
+1 1
-2 1
+2 2
+8 1
-1 1
+1 3
-1 3
+4 4
cfi=(17)
cfn=(40)
calls=1 94 
* 29
* 1
+2 1
-2 1
+2 1
+17 2
+9 2
-19 1
+11 1
-1 1
+3 1
+1 1
-15 2
+23 1
-9 1
+9 5
-3 17
cfi=(26) /build/glibc-Cl5G7W/glibc-2.23/string/../sysdeps/x86_64/multiarch/../memset.S
cfn=(72) memset
calls=4 53 
* 60
+3 27
-14 3
+2 3
+1 3
+2 6
-3 3
+4 9
+4 3
-3 3
+3 3
+1 3
-4 9
+4 3
+14 1
-11 1
+6 1
+1 1
+5 1
-12 1
+12 1
+2 4
+2 3
+38 5
+6 3
cfi=(27)
cfn=(74)
calls=1 24 
* 23
* 2
+2 3
cfi=(11)
cfn=(22)
calls=1 66 
* 16
* 8
cfi=(18)
cfn=(46)
calls=1 61 
* 31
* 1
+17 133
+5 1
cfi=(17)
cfn=(40)
calls=1 94 
* 29
* 1
+1 1
-2 1
+2 1
+6 9
cfn=(76)
calls=1 444 
* 609
+4 5
+6 1
+4 8
-70 1
-2 1
+2 2
+14 2

fn=(114) _dl_map_object_from_fd
893 22
+10 2
-10 2
+10 2
-10 6
+10 2
cfi=(29)
cfn=(86)
calls=2 50 
* 16
fi=(35) /build/glibc-Cl5G7W/glibc-2.23/elf/../sysdeps/posix/dl-fileid.h
37 6
fe=(22)
903 2
fi=(35)
37 2
cfi=(36)
cfn=(120)
calls=2 -3 
* 20
* 4
+4 2
fe=(22)
919 2
fi=(35)
40 2
+1 2
fe=(22)
919 29
+1 10
fi=(35)
49 12
fe=(22)
1465 16
937 4
+24 4
+10 4
+22 8
+32 4
904 2
1028 14
cfi=(15)
cfn=(32)
calls=2 61 
* 882
+1 2
-1 2
+1 2
+11 4
+1 2
-1 2
+2 2
-1 2
+4 2
-1 4
-2 2
+2 4
+1 6
+1 2
+19 2
-2 2
+10 2
-8 12
+8 2
-8 6
+8 2
+87 2
+8 2
-8 8
+8 2
-8 6
-86 32
-1 136
+1 95
+6 4
+1 6
+1 2
+9 20
+5 32
+9 12
-1 12
+1 4
+1 8
+2 4
-2 4
+1 4
-1 4
+3 4
+4 4
-7 4
+2 4
+1 4
+4 4
+1 12
+4 6
-14 2
+14 12
+11 2
-11 6
-14 2
+14 12
+11 2
-44 2
+1 1
+46 3
+4 1
+1 1
+1 1
-1 2
+1 1
+3 3
+1 1
+3 1
-3 1
+7 4
+6 1
cfi=(30)
cfn=(148) _dl_next_tls_modid
calls=1 49 
* 8
* 2
+1 1
+59 4
+1 6
+1 2
-6 4
+1 2
+8 6
1041 2
1229 2
1041 2
1229 2
+10 6
fi=(38) /build/glibc-Cl5G7W/glibc-2.23/elf/./dl-map-segments.h
56 4
fe=(22)
1239 6
fi=(38)
56 2
fe=(22)
1239 2
fi=(38)
56 2
fe=(22)
1239 4
fi=(38)
56 12
cfi=(37)
cfn=(122)
calls=2 -23 
* 70
+4 2
-4 2
+4 4
+3 4
+1 2
+2 2
-2 2
-1 2
+3 2
+10 4
fi=(40) /build/glibc-Cl5G7W/glibc-2.23/elf/./dl-load.h
+14 8
+1 6
+2 8
fi=(38)
+7 16
+6 2
+2 2
-2 2
+1 2
+2 2
-1 2
+1 2
-1 6
+8 4
+17 4
+12 4
-59 20
+2 4
+2 2
-2 4
+2 20
cfi=(37)
cfn=(122)
calls=2 -57 
* 62
* 6
fe=(22)
1251 8
+9 4
fi=(3)
39 2
fe=(22)
1260 2
fi=(3)
39 2
+6 2
-2 2
+2 4
+15 2
+5 2
+3 2
-1 2
-3 2
-3 36
+10 8
-26 24
+16 35
+10 35
-26 105
+26 2
-26 6
+2 90
+13 40
+2 8
+3 8
+13 4
+20 7
+1 8
+1 8
+1 8
+2 8
+5 8
+1 7
+1 8
+6 6
+5 4
+7 4
+1 6
+16 6
+5 1
+2 1
-2 1
+2 1
+2 2
+2 2
+3 6
+10 1
-8 4
+8 1
+5 2
+3 4
fe=(22)
1267 4
+15 6
+19 4
+2 10
+54 6
+1 2
+3 2
cfi=(24)
cfn=(132)
calls=1 84 
* 5
* 2
cfi=(24)
cfn=(132)
calls=1 84 
* 5
* 4
+9 4
+2 6
+2 2
-2 2
+2 2
+16 4
cfi=(6)
cfn=(10)
calls=2 956 
* 46
+4 4
+1 4
+17 4
+9 2
-5 6
+5 2
+10 4
+10 6
cfi=(15)
cfn=(48)
calls=2 32 
* 82
+4 8
fi=(3)
68 8
+2 10
fe=(22)
1413 2
fi=(38)
119 4
+8 16
cfi=(26)
cfn=(72)
calls=2 -74 
* 283
* 8
-54 8
-1 12
cfi=(39) /build/glibc-Cl5G7W/glibc-2.23/misc/../sysdeps/unix/syscall-template.S
cfn=(126) mprotect
calls=2 +12 
* 10
* 2
fi=(40)
+22 5
+1 11
+3 4
fi=(38)
+39 9
cfi=(37)
cfn=(122)
calls=1 33 
* 31
+3 3
fe=(22)
1255 2

fn=(104)
2189 21
+8 3
-8 6
+8 3
+1 12
+3 42
+5 49
+2 21
cfi=(34)
cfn=(106)
calls=7 288 
* 920
* 14
+4 12
+1 18
+3 2
+2 8
cfi=(19)
cfn=(54)
calls=2 144 
* 48
* 4
2500 24
2235 10
+9 2
-53 2
+53 4
+36 4
-2 2
+2 2
cfi=(27)
cfn=(74)
calls=2 24 
* 46
* 4
2431 2
383 3
cfi=(27)
cfn=(74)
calls=1 24 
* 47
* 2
+4 2
cfi=(28)
cfn=(80)
calls=1 40 
* 128
2432 1
-3 1
+3 2
+4 9
cfn=(108)
calls=1 1717 
* 299
+3 1
-3 1
+3 3
+12 3
+46 1
+1 3
-1 1
+1 9
cfn=(114)
calls=1 893 
* 1444
-1 1
+1 3
-1 1
+1 9
cfn=(114)
calls=1 893 
* 1789
* 6
2284 2
cfi=(11)
cfn=(22)
calls=1 66 
* 16
* 1
+2 1
-2 1
+2 1
+7 4
+35 2
+1 14
cfn=(138)
calls=1 2040 
* 777
+6 2
-6 1
+6 3
666 1
2336 1
666 2
2423 2
+28 3
+2 4
2297 1
+5 1
-5 1
+5 1
+3 2
-3 1
+3 7
-3 3
666 1
2303 1
666 2
2358 1
-14 1
+14 1
+2 3
+4 2
cfi=(43)
cfn=(142) _dl_load_cache_lookup
calls=1 185 
* 1178
+2 1
-2 1
+2 1
+4 2
+8 3
+23 10
cfn=(108)
calls=1 1717 
* 370
+4 1
-4 1
+4 3
+1 2
-89 3
+1 8
666 1
2319 1
666 2

fn=(108)
1717 66
+39 6
-39 18
+39 22
+31 24
cfi=(24)
cfn=(110)
calls=6 84 
* 46
+2 6
-2 6
+2 8
+10 2
+1 4
+5 16
cfi=(24)
cfn=(112) read
calls=2 84 
* 10
+2 4
+2 2
+2 2
-2 4
+2 2
+6 4
+16 8
cfi=(14)
cfn=(30)
calls=2 24 
* 57
* 18
cfi=(14)
cfn=(30)
calls=2 24 
* 72
* 4
+74 4
+5 4
+2 8
+6 4
+11 4
+6 2
+1 2
-1 8
+1 2
-1 2
+1 4
+1 6
+20 106
+2 36
+4 8
+1 6
+12 14
+4 6
+5 1
+1 1
-13 4
cfi=(14)
cfn=(30)
calls=1 24 
* 25
* 8
cfi=(14)
cfn=(30)
calls=2 24 
* 60
* 6
+16 2
+3 7
+3 3
+1 5
-39 2
+67 20
-23 4
+23 28
1826 2
+7 4
cfi=(14)
cfn=(30)
calls=1 24 
* 24
* 2

fl=(45)
fn=(166)
149 40
+15 4
-15 8
+15 4
+1 24
+6 8
+6 12
-18 8
+22 8
+7 4
-32 4
+32 4
+44 4
fi=(5)
76 12
fe=(45)
232 8
fi=(5)
76 12
+6 6
+4 9
+14 3
-8 3
+10 3
-2 6
+20 6
+9 3
fe=(45)
258 164
-98 18
fi=(5)
301 24
fe=(45)
-43 3
fi=(4)
58 3
-10 3
-1 6
+11 3
-11 3
+11 3
fe=(45)
258 1
-98 6
fi=(5)
301 8
fe=(45)
-43 1
fi=(4)
58 1
-10 1
-1 2
+11 1
-11 1
+11 1
fe=(45)
258 4
fi=(4)
58 4
-10 4
-1 8
+11 4
-11 4
+11 4
+3 15
fi=(5)
528 36
+4 36
+2 54
+1 18
fi=(4)
61 75
+2 104
+2 26
-4 3
+13 6
+1 5
+1 16
fi=(5)
528 8
+26 8
fi=(4)
75 8
fi=(5)
554 16
cob=(3)
cfi=(53)
cfn=(198)
calls=1 0 
* 11
cob=(3)
cfi=(52)
cfn=(194)
calls=1 37 
* 66
cob=(3)
cfi=(51)
cfn=(192)
calls=1 30 
* 6
cob=(3)
cfi=(50)
cfn=(190)
calls=1 45 
* 6
cob=(3)
cfi=(46)
cfn=(188)
calls=1 129 
* 5
cob=(3)
cfi=(50)
cfn=(186)
calls=1 45 
* 6
cob=(3)
cfi=(47)
cfn=(180)
calls=1 38 
* 66
cob=(3)
cfi=(46)
cfn=(178)
calls=1 109 
* 5
fi=(4)
75 8
fi=(5)
555 8
fi=(4)
75 11
fe=(45)
258 2
fi=(4)
75 14
fe=(45)
258 14
+3 16
+24 4
+3 8
+17 12
+2 32
fi=(4)
84 5
-1 5
+3 10
-3 5
+3 5
+12 15
+10 6
+3 8
fi=(5)
512 2
fi=(4)
112 4
fi=(5)
512 1194
fi=(4)
112 2380
fi=(5)
512 2380
+5 2384
+1 2384
fi=(4)
111 2384
fi=(5)
518 1192
fi=(4)
111 1192
+7 15
+6 4
-3 8
+3 10
fi=(5)
447 9
fi=(4)
127 380
+9 190
+3 95
-3 95
+3 95
fi=(5)
269 95
fi=(4)
138 95
-2 95
+1 380
fi=(5)
269 95
+21 190
+4 190
+7 1812
fi=(4)
137 75
fi=(5)
301 150
fi=(4)
137 75
fi=(5)
301 75
fi=(4)
137 75
fi=(5)
301 150
fi=(4)
137 3
fi=(5)
301 6
fi=(4)
137 3
fi=(5)
301 3
fi=(4)
137 3
fi=(5)
301 1098
cfi=(6)
cfn=(172)
calls=78 806 
* 43698
* 624
+2 243
+3 93
-3 186
+3 279
+6 570
fe=(45)
178 8
fi=(5)
435 234
fi=(4)
124 291
+19 6
fi=(5)
301 63
fi=(4)
108 3
fi=(5)
407 42
+4 70
+14 70
+49 9
+4 21
cfi=(18)
cfn=(46)
calls=3 61 
* 54
+2 12
+1 3
fe=(45)
313 20
+3 4
-3 8
+3 4
+4 8
+1 16
cfi=(39)
cfn=(126)
calls=4 84 
* 20
* 12
fi=(5)
123 15
+6 12
fe=(45)
258 3
fi=(4)
129 8
fi=(5)
301 87
fi=(4)
160 7
+2 20
+8 10
+1 5
-1 5
+1 5
fi=(5)
+98 5
fi=(4)
-99 15
fi=(5)
+99 5
+21 10
+4 10
+7 180
cfi=(6)
cfn=(172)
calls=5 806 
* 2409
* 35
+2 15
+3 1
-3 2
+3 3
+6 30
435 15
fi=(4)
160 17
+14 2
fi=(5)
301 6
fe=(45)

fl=(11)
fn=(22)
66 13
+1 13
+1 13
+1 13
+1 13
+1 13
+1 13
+2 13
+2 13
+30 12
+1 12
+1 12
+1 12
+1 12
+1 6
+1 6
+4 6
+1 6
+1 6
+1 6
+1 6
+1 6
+1 6
+1 6
+1 6
+1 6
+1 6
+1 6
+5 48
+4 1
+1 14
+1 8

fl=(41)
fn=(136) openaux
60 4
+7 2
-4 22
cfi=(22)
cfn=(104)
calls=2 2189 
* 5151
* 2
+5 4

fn=(134)
161 1
-1 1
+1 1
-1 4
+1 1
-1 2
+1 1
-1 2
+1 1
-1 2
+1 3
-15 1
+15 1
-17 1
+1 1
+1 1
+6 4
+26 1
-26 1
+26 7
-34 1
+2 1
+33 2
-33 1
-2 1
+2 2
-2 1
+1 1
+1 1
+6 3
+26 1
-26 1
+26 5
+4 1
+21 1
+1 1
-22 2
+19 1
-12 1
+15 1
-16 2
+13 1
317 9
217 1
-4 1
-4 1
+8 4
-4 3
-4 3
+8 3
+12 8
+2 2
+11 2
-5 2
-6 4
+5 2
+2 4
+1 4
+3 14
+50 6
+1 3
-51 192
+1 96
+6 10
cfi=(27)
cfn=(74)
calls=2 24 
* 70
* 4
+5 10
-3 2
+3 2
cfi=(32)
cfn=(96)
calls=2 -91 
* 5309
+2 6
+15 2
+2 4
+5 2
+6 2
+2 2
-8 4
+3 2
+1 2
+1 2
+1 2
+4 12
+7 138
459 12
+2 6
+2 6
cfi=(17)
cfn=(40)
calls=2 94 
* 58
* 2
+2 2
-2 2
+2 2
+4 8
-1 2
+1 2
cfi=(18)
cfn=(46)
calls=2 61 
* 41
+1 10
cfi=(18)
cfn=(46)
calls=2 61 
* 41
+4 2
-1 2
+5 22
+7 6
+1 1
+3 5
+10 4
cfi=(17)
cfn=(40)
calls=1 94 
* 29
* 1
+3 1
-3 1
+3 1
+5 6
+1 1
-1 3
+1 2
+8 2
+4 3
-4 1
-6 3
-2 3
+8 6
+4 9
-4 3
-6 9
+13 3
+51 3
+2 3
+42 1
-4 1
+5 2
-1 4
+1 2
cfi=(26)
cfn=(72)
calls=1 53 
* 15
* 1
-2 9
+7 1
-1 1
+1 1
-1 2
+7 1
-7 1
+7 2
-13 2
+7 2
-1 2
+1 2
-1 4
+7 2
-7 2
+7 6
+2 8
+1 4
-1 4
+1 3
+2 9
+1 6
+28 18
cfi=(26)
cfn=(72)
calls=2 53 
* 37
* 10
-6 3
-28 6
+31 10
-6 2
+16 2
+2 1
+1 1
-1 1
+2 3
+7 3
+3 3
+3 8
481 9
-1 4
+1 9
202 2
+27 8
-19 4
+8 25
+2 2
+2 8
+2 30
338 6
611 8
cfi=(18)
cfn=(46)
calls=1 61 
* 28
+2 1
-38 1
+38 1
209 2

fl=(15)
fn=(32)
61 42
+1 3
cfi=(11)
cfn=(22)
calls=3 +4 
* 66
+6 3
-6 6
+6 6
+7 12
cfi=(17)
cfn=(36)
calls=3 +28 
* 171
* 3
+3 3
-3 3
+3 3
+4 3
+5 6
-6 3
+6 3
-5 3
+3 6
+2 3
cfi=(18)
cfn=(46)
calls=3 -26 
* 88
+10 3
-10 3
+10 3
-8 3
+9 6
-1 9
+1 9
+3 3
-4 3
+1 3
+3 3
+9 3
-7 3
+4 3
+3 9
+2 2
-2 2
+2 30
-2 30
+12 3
+6 3
-5 3
-1 3
+6 15
+2 2
+3 2
-3 2
+3 2
-3 4
+7 6
+4 4
+2 5
+6 1
+6 1
-3 2
+3 4
-3 4
+3 4
+2 6
cfi=(11)
cfn=(22)
calls=2 -91 
* 68
+4 2
-4 8
+4 6
+64 4
+4 24
68 30
+34 8
+39 8
+70 6
cfi=(25)
cfn=(70)
calls=2 61 
* 71
* 42
+6 40
-1 40
+1 42
-1 2
+1 6
+5 4
-89 2
+32 4
cfi=(17)
cfn=(40)
calls=2 -71 
* 58
* 2
+1 2
-1 2
+1 6
+2 1
-35 2

fn=(48)
32 15
+2 6
cfi=(2)
cfn=(50)
calls=3 704 
* 6
+2 3
-2 3
+2 19
+3 15
+2 2
+2 2
+4 2
+4 2
-4 4
+1 2
+4 4
-4 2
+1 2
+3 2
-3 2
+2 2
cfi=(2)
cfn=(52)
calls=2 710 
* 4
-4 1
+4 1
-4 2
+1 1
+4 2
-4 1
+1 1
+3 1
-3 1
+2 1
cfi=(2)
cfn=(52)
calls=1 710 
* 2
-5 2

fl=(17)
fn=(44) __libc_memalign
52 66
+1 87
+11 63
+3 21
-3 21
+3 42
-3 3
+3 1
-3 1
+3 82
+4 8
+1 4
+6 16
cfi=(37)
cfn=(122)
calls=2 -45 
* 66
+2 10
+4 6
+3 2
+1 2
+2 10
-3 20
+1 20
+2 100
-31 2
-1 5

fn=(84)
120 1
+2 3
+7 2

fn=(36)
103 8
+8 24
-4 8
+4 16
+3 8
cfn=(40)
calls=8 -20 
* 289
* 8

fn=(78)
354 4
+2 2
+1 4
+4 33
+7 84
-2 56
+13 1
+4 2
-7 14
-15 44

fn=(40)
94 21
+1 42
cfn=(44)
calls=21 -43 
* 582
* 21

fl=(6)
fn=(10)
956 12
+4 4
+4 8
+2 4
-1 4
+3 12
+1 4
+1 4
+3 4
-3 4
+7 4
-4 4
-1 4
+3 4
+2 4
-7 4
+7 4
+1 4

fn=(174) do_lookup_x
355 630
+1 90
-1 450
+48 90
-30 90
-11 90
+41 90
+7 180
-7 180
-30 360
+37 360
-44 180
+3 180
-3 372
+3 372
+4 570
+4 546
+4 546
+6 819
+8 273
-4 273
+1 273
+3 546
+1 819
+3 273
+1 546
+2 546
+8 273
-8 273
+8 2730
-99 189
553 1356
+1 60
cfi=(34)
cfn=(106)
calls=30 288 
* 2706
* 90
+3 576
+3 6
+1 720
-92 168
+50 632
+4 30
+12 168
+1 84
+1 168
413 528
+2 176
+2 1144
+13 252
-10 840
+2 168
+1 420
-1 84
+1 588
-1 84
+1 252
cfn=(176) check_match
calls=84 92 
* 8085
+4 252
+34 8
+94 28
439 756

fn=(176)
92 672
+3 588
+12 504
+3 428
cfi=(19)
cfn=(54)
calls=23 +34 
* 1008
* 46
+5 84
-1 84
+1 84
+2 166
+19 166
+1 664
+46 84
-7 84
+7 420
-18 2
+2 1
+1 4
-1 5
-29 249
cfi=(19)
cfn=(54)
calls=83 +6 
* 2493
* 249

fn=(172)
806 990
568 90
806 360
568 450
+1 90
-1 90
+1 270
-1 270
+1 1127
-1 1127
+1 3381
-1 3561
808 90
+4 90
+4 90
-8 90
+1 180
+7 256
+7 90
-2 90
+2 90
-2 90
+6 90
-7 90
+7 180
-7 540
+15 6
-8 30
+2 1260
cfn=(174)
calls=90 355 
* 33638
+3 270
+26 180
+22 84
+1 588
+31 84
+9 420
+14 252
+3 336
+5 84
+2 720
-85 42
+16 6
+1 12
+59 2

fl=(25)
fn=(70)
61 17
+4 17
+3 16
+1 16
+2 7
+1 7
+2 7
+1 7
+5 7
+1 7
-1 9
+1 9
+2 10
+1 10
+2 10
+1 10
+5 10
+1 10
-1 6
+1 6
+2 5
+1 5
+2 5
+1 5
+5 5
+1 5
-1 11
+1 11
+2 7
+1 7
+2 7
+1 14
+5 7
+1 7
-1 9
+1 11
+5 2
+1 2
+1 2
+1 2
+2 2
+2 2
+1 2
+2 2
+6 16
+4 16
+12 2
+2 2
+1 2
+26 2
+1 2
+3 2
+1 2
+1 2
+5 2
+2 2
+1 2
+1 2
+1 2
+2 2
+1 2
+1 2
+1 2
+2 2
+1 2
+2 2
+22 2
+2 2
+2 1
+7 1

fl=(24)
fn=(110)
84 28
+1 3
+1 20

fn=(112)
84 8
+1 2

fn=(68)
84 12
+2 15

fn=(132)
84 12
+1 3

fl=(28)
fn=(80)
40 12
+1 3
cfi=(11)
cfn=(22)
calls=3 +25 
* 84
* 3
+1 6
cfi=(17)
cfn=(40)
calls=3 +52 
* 87
* 3
+2 6
+4 3
-1 6
+1 6
-1 6
cfi=(18)
cfn=(46)
calls=3 +14 
* 106

fl=(83) /build/glibc-Cl5G7W/glibc-2.23/elf/dl-open.c
fn=(332) _dl_find_dso_for_object
182 5
+1 4
+1 12
+1 2
+3 2
+4 1
-9 6

fl=(18)
fn=(46)
61 17
+2 17
+2 17
+3 15
+1 15
+2 4
+1 4
+2 4
+1 4
+5 4
+1 4
-1 11
+1 11
+2 5
+1 5
+2 5
+1 10
+5 5
+1 5
-1 10
+1 10
+2 2
+1 2
+2 2
+1 2
+5 2
+1 2
-1 13
+1 13
+2 10
+1 10
+2 10
+1 10
+5 10
+1 10
-1 5
+1 10
+5 5
+1 5
+1 5
+1 5
+2 5
+2 5
+1 5
+2 5
+8 15
+8 6
+6 6
+2 6
+1 6
+3 2
+1 6
+5 2
+1 2
+2 2
+2 2
+1 2
+2 2
-8 8
+1 8
+2 8
+2 8
+1 8
+2 12
+9 2
+1 2
-1 4
+1 4
+3 6
+1 6
+1 6
+5 5
+2 5
+1 5
+1 5
+1 5
+2 5
+1 5
+1 5
+1 5
+2 5
+1 5
+2 5
+22 6
+6 6
+1 6
+2 2

fl=(42)
fn=(140)
34 4
-1 4
+1 4
+1 24
+4 1
-4 12

fl=(14)
fn=(30)
24 13
+1 13
+1 13
+1 13
+1 13
+1 13
+1 13
+1 13
+3 13
+1 13
+1 5
+1 5
+1 5
+1 5
+1 5
+1 5
+1 5
+2 12
+1 12
+1 4
+1 4
+1 4
+1 4
+1 4
+1 4
+1 4
+2 12
+1 12
+1 5
+1 5
+1 5
+1 5
+1 2
+1 2
+1 2
+2 9
+1 9
+1 5
+1 5
+1 5
+1 5
+5 4
+1 4
+1 4
+1 4
+1 4
+1 4
+1 4
+1 2
+1 2
+1 2
+1 2
+1 2
+7 2
+2 3
+4 8
+1 8
+1 1
+1 1
+1 1
+1 1
+1 1
+1 1
+1 1
+1 1
+1 1
+1 1
+1 1
+4 9
+1 9

fl=(26)
fn=(72)
53 10
+1 10
+1 10
+1 10
+1 10
+2 10
+1 10
+1 8
+1 8
+15 2
+1 2
+1 2
+1 2
+1 2
+1 2
+1 2
+1 2
+1 2
+1 2
+1 2
+1 2
+1 2
+1 4
+3 2
+1 2
+1 2
+1 2
+1 2
+1 2
+1 2
-6 34
+1 34
+1 34
+1 34
+1 34
+1 34
+1 34
+1 2
+3 8
+1 8
+1 8
+1 2
+1 2
+1 1
+1 1
+3 1
+1 1
+1 1
+1 1
+2 1
+1 1
+1 1
+2 6
+1 6
+1 6

fl=(1) ???
fn=(0) 0x0000000000000c30
0 2
cfi=(2)
cfn=(2)
calls=1 353 
0 90412
0 14
cfi=(54) /build/glibc-Cl5G7W/glibc-2.23/elf/dl-init.c
cfn=(212) _dl_init
calls=1 80 
0 1610
0 3
cob=(5)
cfi=(65)
cfn=(252)
calls=1 0 
0 550972709

fl=(43)
fn=(206)
322 4
-1 1
+3 2
cfi=(39)
cfn=(208) munmap
calls=1 84 
* 5
+1 1
+2 2

fn=(142)
185 9
+8 2
+3 3
+51 2
+9 1
+6 2
-6 4
+6 1
cfi=(24)
cfn=(68)
calls=1 84 
* 9
+19 1
-19 1
+19 94
cfn=(146) _dl_cache_libcmp
calls=6 138 
* 443
* 29
-15 4
+15 14
cfn=(146)
calls=1 138 
* 71
* 7
-82 4
cfi=(34)
cfn=(144)
calls=1 45 
* 94
+8 1
-8 1
+8 4
+1 4
cfi=(14)
cfn=(30)
calls=1 24 
* 38
* 2
+7 1
-3 1
+3 3
+3 1
+1 2
-1 1
+1 1
+1 4
cfi=(14)
cfn=(30)
calls=1 24 
* 32
* 2
+61 21
+16 2
+4 2
+8 3
cfi=(11)
cfn=(22)
calls=1 66 
* 34
* 2
+1 1
-1 4
+1 2
cfi=(18)
cfn=(46)
calls=1 61 
* 86
+1 2
cfi=(28)
cfn=(80)
calls=1 40 
* 109
+1 8
-31 9

fn=(146)
138 21
+1 16
+2 70
+2 35
-2 35
+2 2
+6 1
+2 1
-1 1
-1 1
+1 1
+1 4
+2 5
+2 2
+6 68
+2 124
+4 28
+1 28
-29 56
+32 3
-7 12

fl=(54)
fn=(212)
80 11
+1 1
+1 1
+3 3
+8 2
+1 2
+25 15
+1 12
-90 20
cfn=(214) call_init.part.0
calls=3 -2 
* 1450
* 3
+96 8
-96 2
+58 2
+16 1
cfn=(214)
calls=1 -76 
* 76
* 1

fn=(214)
28 20
+8 4
+3 4
-3 8
+3 12
+5 21
+5 4
+9 12
cob=(3)
cfi=(56)
cfn=(228)
calls=1 -6 
* 176
cob=(2)
cfi=(16)
cfn=(216)
calls=1 -58 
* 6
* 2
+4 4
+6 2
+2 4
-2 4
+3 10
+1 8
cob=(3)
cfi=(62)
cfn=(240)
calls=1 482 
* 1161
cob=(4) /usr/lib/valgrind/vgpreload_core-amd64-linux.so
cfi=(55) ???
cfn=(220) 0x0000000000000650
calls=1 -72 
* 17
* 4
cob=(3)
cfi=(64)
cfn=(248)
calls=1 -39 
* 4
* 3
-1 6
+3 24
-29 3
-5 3

fl=(23)
fn=(66)
39 6
+3 1
-3 2
+3 1
-1 1
+1 1
+9 1
-12 4
+12 2
+10 4
162 2
-47 3
cfi=(24)
cfn=(68)
calls=1 -31 
* 9
* 2
+55 3
+2 2
+1 5
+4 2
+4 1
-4 1
+1 1
+3 1
+3 1
+1 1
-1 1
+4 3
+1 1
-1 9
+1 1
+18 10
+1 2
-1 1
+1 3
cfi=(17)
cfn=(40)
calls=1 94 
* 29
* 1
+1 1
-1 1
+1 5
+29 1
+3 1
-3 2
+3 1
+23 7
+6 2
-1 2
+1 6
-1 8
+5 6
+3 1
-3 1
+3 1
-3 3
+3 1
-3 1
+3 5
+1 12
+1 4
-1 4
+1 8
-2 4
+1 8
-1 14
+4 4
+4 1
-1 1
+2 1
-2 1
+1 1
+1 1
-2 1
+2 10
+13 2
+1 1
-1 1
+3 2
-3 2
+1 1
-1 1
+3 2
+3 4
+3 1
-1 1
+1 9
113 1
+17 1
+1 1
-1 9
243 6
cfi=(25)
cfn=(70)
calls=1 61 
* 22
* 4
cfi=(25)
cfn=(70)
calls=1 61 
* 18
+1 4
cfi=(25)
cfn=(70)
calls=1 61 
* 22
* 4
cfi=(25)
cfn=(70)
calls=1 61 
* 18
* 12

fl=(32)
fn=(150)
205 10
+1 1
cfi=(2)
cfn=(98)
calls=1 664 
* 2
+5 1
-1 1
-4 1
+9 1
+2 1
-3 1
+3 1
cfi=(2)
cfn=(152)
calls=1 529 
* 3238
+2 1
+1 1
+1 8

fn=(96)
163 6
+15 3
-3 6
+1 6
-13 6
+14 6
+1 3
+2 3
cfi=(2)
cfn=(98)
calls=3 664 
* 6
+2 3
-1 3
+4 3
-3 6
+3 3
-4 3
+4 3
cfi=(33)
cfn=(100)
calls=3 26 
* 60
* 9
+2 9
cfi=(41)
cfn=(136)
calls=2 60 
* 5185
cfi=(2)
cfn=(102)
calls=1 496 
* 2372
+1 6
+2 3
+1 3
-3 3
+1 6
+1 3
+9 3
-8 3
+8 9

fl=(7)
fn=(12)
86 8
+25 1
-1 1
+1 78
+6 1
-3 1
+1 1
-4 1
+3 1
+3 4
+1 2
-1 25
+1 105
-1 102
+62 1
+1 1
-1 1
+1 1
-29 1
+1 2
+11 1
+1 1
-1 1
+1 1
-7 1
+1 1
-1 1
+1 1
-4 1
+1 2
-25 1
+1 2
-4 1
+1 2
-7 1
+1 1
+2 1
+1 1
fi=(9)
-90 2
cfi=(10)
cfn=(18)
calls=1 -4 
* 11
fi=(5)
223 5
fi=(8) /build/glibc-Cl5G7W/glibc-2.23/elf/../sysdeps/x86/cpu-features.c
61 2
+3 1
-3 1
+3 9
175 3
+1 1
+3 2
+1 1
+2 2
+1 7
+7 3
+4 2
+2 4
+51 2
fe=(7)
-16 1
fi=(8)
+27 1
+1 1
+1 1
fe=(7)
-29 1
+1 1
cfi=(11)
cfn=(22)
calls=1 66 
* 32
* 1
+2 2
cfi=(12) /build/glibc-Cl5G7W/glibc-2.23/elf/../misc/sbrk.c
cfn=(24) sbrk
calls=1 34 
* 17
* 3
+12 3
+3 5
cfi=(2)
cfn=(26)
calls=1 790 
* 89206
+1 1
+1 8
fi=(8)
-4 2
+1 2
+4 2
-52 2
+1 1
+6 3
+2 1
+3 3
+16 2
+1 1
+2 2
29 2
+4 1
-4 1
+5 1
-1 1
+2 1
-1 1
+1 1
-2 1
+1 1
+1 1
+1 1
-7 2
+3 1
+4 1
+5 1
+32 2
-32 1
+27 1
+5 1
+3 1
+1 8
+57 2
-66 2
+44 2
248 2
+3 2
fe=(7)

fn=(204)
256 1

fl=(19)
fn=(54)
144 208
+1 208
+2 208
+1 208
+21 208
+1 208
+1 156
+1 156
+1 145
+1 145
+1 145
+1 145
+21 145
+1 145
+1 145
+1 145
+1 145
+1 145
+1 145
+5 5
+1 5
+9 5
+1 5
+1 5
+1 5
+1 5
+1 5
+1 5
+1 5
-7 63
+1 63
+1 63
+1 63
+1 63
+1 63
+1 63
+1 63
+1 67
+1 33
+1 33
+1 33
+2 33
+1 33
+1 33
+1 33
+1 33
+1 33
-5 34
+1 34
+1 34
+1 34
+1 34
+1 34
+10 1
+1 1
+1 1
+2 1
+6 1
+1 1
+1 1
+1 1
+1 1
+5 1
696 1
+1 1
+1 1
+1 1
+1 1
+2 1
+1 1
+1 1
+1 1
+1 1
+1 1
+1 1
+1 1
+4 1
+1 1
+1 1
+6 1
+1 1
+1 2
+4 1
+1 1
+3 1
+1 1
+1 1
+3 1
+1 1
+1 1
+6 1
+1 1
+1 1
+1 1
+1 1
+1 1
946 3
+1 3
+1 3
+1 3
+1 3
+2 3
+1 3
+1 3
+1 3
+1 3
+1 3
+1 3
+1 2
+4 2
+1 2
+1 2
+6 2
+1 2
+1 4
+4 2
+1 2
+3 2
+1 2
+1 2
+3 2
+1 2
+1 2
+6 2
+1 2
+1 2
+1 2
+1 2
+1 2
+72 2
+1 2
+1 2
+1 2
+1 2
+2 2
+1 2
+1 2
+1 2
+1 2
+1 2
+1 2
+1 2
+4 2
+1 2
+1 2
+6 2
+1 2
+1 4
+4 2
+1 2
+3 2
+1 2
+1 2
+3 2
+1 2
+1 2
+6 2
+1 2
+1 2
+1 2
+1 2
+1 2
+72 4
+1 4
+1 4
+1 4
+1 4
+2 4
+1 4
+1 4
+1 4
+1 4
+1 4
+1 4
1321 38
+1 38
+1 38
+1 38
+1 38
+2 38
+1 38
+1 38
+1 38
+1 38
+1 38
+1 38
+1 2
+4 2
+1 2
+1 2
+6 2
+1 2
+1 4
+4 2
+1 2
+3 2
+1 2
+1 2
+3 2
+1 2
+1 2
+6 2
+1 2
+1 2
+1 2
+1 2
+1 2
1571 1
+1 1
+1 1
+1 1
+1 1
+2 1
+1 1
+1 1
+1 1
+1 1
+1 1
+1 1
1696 1
+1 1
+1 1
+1 1
+1 1
+2 1
+1 1
+1 1
+1 1
+1 1
+1 1
+1 1
1821 3
+1 3
+1 3
+1 3
+1 3
+2 3
+1 3
+1 3
+1 3
+1 3
+1 3
+1 3
+1 3
+4 3
+1 3
+1 3
+6 3
+1 3
+1 6
+4 3
+1 3
+3 3
+1 3
+1 3
+3 3
+1 3
+1 3
+6 3
+1 3
+1 3
+1 3
+1 3
+1 3
+72 13
+1 13
+1 13
+1 13
+1 13
+2 13
+1 13
+1 13
+1 13
+1 13
+1 13
+1 13
+1 12
+4 12
+1 12
+1 12
+6 12
+1 12
+1 24
+4 12
+1 12
+3 12
+1 12
+1 12
+3 12
+1 12
+1 12
+6 12
+1 12
+1 12
+1 12
+1 12
+1 12
+72 1
+1 1
+1 1
+1 1
+1 1
+2 1
+1 1
+1 1
+1 1
+1 1
+1 1
+1 1
+2 1
+4 1
+1 1
+1 1
+6 1
+1 1
+2 2
+4 1
+1 1
+3 1
+1 1
+1 1
+3 1
+1 1
+1 1
+6 1
+1 1
+1 1
+1 1
+1 1
+1 1
+74 23
+2 23
+1 23
+1 23
+1 23
-3 45
+1 45
+1 45
+1 45
+1 99
+5 33
+6 33
+1 33
+8 33
+1 33
-16 175
+6 175
+1 175
+8 175
+1 175

fl=(29)
fn=(90)
74 2

fn=(86)
50 8
+5 6
+5 2
-1 1
+1 2
+1 2
-1 1
+4 1
-13 4
+4 8
+4 1
-1 1
-58 4

fl=(36)
fn=(120)
34 3
-1 3
+1 3
+1 18
+4 3

fl=(66)
fn=(260)
64 1
+3 1
+2 1
+2 1
+3 1
+1 1
+1 1
+1 1
+1 1
+1 1
+1 1
+1 1
+1 1
+1 1
+1 1
+1 1
+1 1
+1 1
+1 1
+5 1
+1 1
+1 1
+1 1
+14 1
+1 1
+1 1
cfi=(67)
cfn=(262)
calls=1 -46 
* 936
+1 1
+5 1
+1 1
+1 1
+1 1
+13 1
+1 1
+1 1
+1 1
+1 1
+1 1
+1 1
+1 1
+1 1
+1 1
+1 1
+1 1
+1 1
+1 1
+1 1
+2 1
+2 1
+4 1
+3 1
cob=(3)
cfi=(68)
cfn=(266)
calls=1 -25 
* 550971707

fn=(261)
64 6
+3 6
+2 6
+2 6
+3 6
+1 6
+1 6
+1 6
+1 6
+1 6
+1 6
+1 6
+1 6
+1 6
+1 6
+1 6
+1 6
+1 6
+1 6
+5 6
+1 6
+1 6
+1 6
+14 6
+1 6
+1 6
cfi=(67)
cfn=(262)
calls=6 -46 
* 5358
+1 6
+5 6
+1 6
+1 6
+1 6
+13 6
+1 6
+1 6
+1 6
+1 6
+1 6
+1 6
+1 6
+1 6
+1 6
+1 6
+1 6
+1 6
+1 6
+1 6
+2 6
+2 6
+4 6
+3 6
cob=(3)
cfi=(79)
cfn=(398)
calls=1 2934 
* 100
cob=(3)
cfi=(97)
cfn=(390)
calls=1 38 
* 3
cob=(3)
cfi=(79)
cfn=(316)
calls=1 2902 
* 195
cob=(3)
cfi=(90)
cfn=(364)
calls=1 27 
* 597
cfi=(83)
cfn=(332)
calls=1 +23 
* 32
cob=(3)
cfi=(74)
cfn=(298)
calls=1 34 
* 59191

fl=(44)
fn=(158) match_symbol
76 77
+9 7
-8 7
-1 14
+1 7
+8 7
+6 21
+15 7
+1 14
+2 7
+5 14
+14 80
+12 99
+4 33
-30 66
+19 35
cfi=(19)
cfn=(54)
calls=7 +11 
* 278
* 14
+35 56

fn=(156) _dl_check_map_versions
189 12
-15 36
+17 4
+3 12
-3 4
+2 4
+1 4
+2 4
-3 4
+3 4
+3 4
+4 2
-4 2
+4 8
+17 2
56 4
220 2
56 10
+1 5
-1 10
+2 21
cfi=(34)
cfn=(106)
calls=7 288 
* 745
* 16
228 6
+5 16
+19 5
-15 122
cfn=(158)
calls=5 76 
* 661
* 8
cfn=(158)
calls=2 76 
* 182
* 7
+7 42
+3 21
+9 12
+14 4
+3 8
+10 28
-7 112
+3 84
-3 8
+3 6
+8 9
+87 8
-81 12
cfi=(17)
cfn=(36)
calls=3 103 
* 114
* 3
+1 3
-2 3
+2 3
+11 3
+2 3
-5 3
+3 3
+2 3
-2 3
+2 3
+3 8
+4 6
+18 5
-15 15
+2 15
-2 6
+2 6
+2 7
+1 7
-1 14
+1 7
-1 7
+1 7
+1 7
-2 7
+2 14
+1 21
+3 21
+8 6
+10 9
+3 8
+20 28
-14 60
-2 28
+7 56
+1 28
-1 84
+1 28
-1 28
+1 28
+1 28
+3 90
+10 27
183 2
-8 2
+95 4
-80 2

fn=(154)
380 5
+4 7
+2 28
cfn=(156)
calls=4 189 
* 3153
-2 4
+2 12
-1 4
-1 8
+5 7

fl=(27)
fn=(74)
24 7
+1 7
+1 7
+1 7
+1 7
+1 7
+1 7
+1 7
+1 7
+1 7
+1 7
+1 7
+1 7
+1 7
+1 7
+1 7
+1 7
+1 5
+4 5
+1 5
+1 5
+1 5
+2 5
+4 2
+1 2
+1 2
+1 2
+1 2
+1 2
+1 2
+1 2
+1 2
+1 2
+1 2
+1 2
+1 2
+1 2
+1 2
+1 2
+1 2
+1 2
+1 2
+1 2
+1 2
+1 2
+1 2
+1 2
+52 2
+4 2
+1 2
+1 2
+1 2
+2 2

fl=(39)
fn=(126)
84 24
+1 6

fn=(208)
84 4
+1 1

fl=(21) /build/glibc-Cl5G7W/glibc-2.23/posix/../sysdeps/unix/syscall-template.S
fn=(62) uname
84 4
+1 1

fl=(9)
fn=(60)
45 7
+2 3
+85 8
-45 3
cfi=(21)
cfn=(62)
calls=1 -3 
* 5
* 1
+15 1
-15 1
+20 1
-1 1
+3 12
+4 3
-2 6
+2 9
+7 3
-1 3
+4 3
-2 3
+2 10
+5 2

fl=(12)
fn=(24)
34 4
+8 6
+4 2
+16 5

fl=(13)
fn=(28)
30 3
+3 10
+13 21
-13 63
+2 46
+1 18
+5 2
-3 2
+3 2
+2 2
-12 1
+19 1

fl=(30)
fn=(202)
450 2
-1 7
+5 1
+6 3
-6 1
+6 1
-4 1
+16 1
-15 3
+20 6
+6 16
+3 1
+1 2
+6 3
+3 1
-2 2
+2 4
+1 1
+3 1
-1 3
+4 2
+1 4
+2 2
+9 6
cfi=(25)
cfn=(70)
calls=1 61 
* 23
* 4
cfi=(26)
cfn=(72)
calls=1 53 
* 30
* 2
-38 3
+52 2
+2 1
+1 8

fn=(148)
49 1
+3 4
+48 1
+4 2

fn=(164)
354 3
+2 1
+11 3
cfi=(17)
cfn=(44)
calls=1 52 
* 76
* 1
+1 2
+7 2
+4 1
-57 1
+57 296
-58 2
+1 2
cfi=(17)
cfn=(36)
calls=1 103 
* 38
* 1
+1 2
+3 1
+6 2
+64 5

fn=(200)
890 3
+9 1
-9 1
+6 2
+8 5
+41 1
+1 3
+1 4

fn=(88)
115 2
+1 2

fn=(162)
138 7
+6 3
+3 2
+36 3
+2 10
+3 1
-1 1
+5 2
-5 3
+3 3
+2 5
+16 3
+2 2
-2 2
+2 2
+10 1
-37 2
+25 1
-25 4
+40 4
+1 1
+51 1
+1 8

ob=(4)
fl=(55)
fn=(220)
0 17

totals: 551064750
