# callgrind format
version: 1
creator: callgrind-3.13.0
pid: 19287
cmd:  ./a.out q 5 8
part: 1


desc: I1 cache: 
desc: D1 cache: 
desc: LL cache: 

desc: Timerange: Basic block 0 - 188944613
desc: Trigger: Program termination

positions: line
events: Ir
summary: 2306142416


ob=(5) /home/classes/cs223/class/rosand.benjamin.br384/Hwk3/a.out
fl=(67) ???
fn=(254) 0x0000000000400890
0 16

fn=(266) main
0 23
cfn=(268) numCreate
calls=1 0 
0 62352
0 6
cob=(1) /usr/lib64/ld-2.25.so
cfi=(73) /usr/src/debug/glibc-2.25-123-gedcf13e25c/elf/../sysdeps/x86_64/dl-trampoline.h
cfn=(276) _dl_runtime_resolve_xsave
calls=1 71 
0 903
0 5
0 43
cfn=(334) numMultiply
calls=8 0 
0 2305797457
0 32
cfn=(340) numDestroy
calls=8 0 
0 2825
0 54
cfn=(354) numPut
calls=1 0 
0 169190
0 3
cfn=(340)
calls=1 0 
0 343
0 4

fn=(338) numAdd
0 22960
cob=(3) /usr/lib64/libc-2.25.so
cfi=(75) /usr/src/debug/glibc-2.25-123-gedcf13e25c/malloc/malloc.c
cfn=(282) malloc
calls=3280 2879 
0 892904
0 3280
0 68880
cob=(3)
cfi=(75)
cfn=(282)
calls=3280 2879 
0 760154
0 3280
0 67301500
cfn=(336) numGetDigit
calls=13453740 0 
0 325568700
0 80722440
cfn=(336)
calls=13453740 0 
0 349767720
0 618891720

fn=(248) __libc_csu_init
0 15
cob=(2) ???
cfi=(17) ???
cfn=(250) 0x00000000004006d8
calls=1 0 
0 6
0 8
cfn=(254)
calls=1 0 
0 16
0 11

fn=(268)
0 6
cob=(1)
cfi=(73)
cfn=(276)
calls=1 71 
0 60384
0 5
0 4
cob=(1)
cfi=(73)
cfn=(276)
calls=1 71 
0 831
0 5
0 9
cob=(3)
cfi=(75)
cfn=(282)
calls=1 2879 
0 183
0 1
0 6
cob=(3)
cfi=(83) /usr/src/debug/glibc-2.25-123-gedcf13e25c/string/../sysdeps/x86_64/strlen.S
cfn=(316) strlen
calls=1 66 
0 16
0 1
0 6
cob=(1)
cfi=(73)
cfn=(276)
calls=1 71 
0 850
0 5
0 40

fn=(334)
0 56
cob=(3)
cfi=(75)
cfn=(282)
calls=8 2879 
0 943
0 8
0 144
cob=(3)
cfi=(75)
cfn=(282)
calls=8 2879 
0 1921
0 8
0 40
cob=(3)
cfi=(75)
cfn=(282)
calls=8 2879 
0 1753
0 8
0 16448
cob=(3)
cfi=(75)
cfn=(282)
calls=3280 2879 
0 654454
0 3280
0 26240
cfn=(336)
calls=3280 0 
0 85280
0 129163120
cfn=(336)
calls=10761680 0 
0 236753680
0 495066800
cfn=(338)
calls=3280 0 
0 1444003538
0 19736

fn=(412) 0x0000000000400860
0 5
cfn=(416) 0x00000000004007f0
calls=1 0 
0 7
0 3

fn=(240) _start
0 11
cob=(3)
cfi=(68) /usr/src/debug/glibc-2.25-123-gedcf13e25c/csu/../csu/libc-start.c
cfn=(242) (below main)
calls=1 133 
0 2306034430

fn=(354)
0 9
cfn=(356) numPrint
calls=1 0 
0 168129
0 2
cob=(1)
cfi=(73)
cfn=(276)
calls=1 71 
0 1042
0 5
0 3

fn=(356)
0 111017
cob=(3)
cfi=(89) /usr/src/debug/glibc-2.25-123-gedcf13e25c/libio/fputc.c
cfn=(362) fputc
calls=178 32 
0 15842
cob=(1)
cfi=(73)
cfn=(276)
calls=1 71 
0 1535
0 183
0 39552

fn=(336)
0 912175380

fn=(340)
0 72
cob=(3)
cfi=(75)
cfn=(346) free
calls=8 2911 
0 1119
cob=(1)
cfi=(73)
cfn=(276)
calls=1 71 
0 893
0 13
0 27
cob=(3)
cfi=(75)
cfn=(346)
calls=9 2911 
0 1008
0 9
0 27

fn=(416)
0 7

ob=(2)
fl=(17)
fn=(298) 0x0000000004c49ee0
0 8
cob=(1)
cfi=(9) /usr/src/debug/glibc-2.25-123-gedcf13e25c/elf/dl-tunables.c
cfn=(300) __tunable_set_val
calls=8 455 
0 64

fn=(430) 0x0000000004a28560
0 1
cob=(3)
cfi=(100) /usr/src/debug/glibc-2.25-123-gedcf13e25c/stdlib/cxa_finalize.c
cfn=(432) __cxa_finalize
calls=1 31 
0 62

fn=(42) 0x0000000004000c20
0 19
cob=(1)
cfi=(18) /usr/src/debug/glibc-2.25-123-gedcf13e25c/elf/dl-minimal.c
cfn=(44) malloc
calls=19 56 
0 406

fn=(292) 0x0000000004c49ee8
0 1
cob=(1)
cfi=(79) /usr/src/debug/glibc-2.25-123-gedcf13e25c/elf/dl-open.c
cfn=(294) _dl_find_dso_for_object
calls=1 167 
0 44

fn=(444) 0x0000000004a287a8
0 3

fn=(208) 0x0000000004a28520
0 6

fn=(376) 0x0000000004c49ec8
0 1
cob=(3)
cfi=(75)
cfn=(282)
calls=1 2879 
0 492

fn=(422) 0x0000000000401424
0 3

fn=(38) 0x0000000004000c28
0 8
cob=(1)
cfi=(18)
cfn=(40) calloc
calls=8 98 
0 280

fn=(250)
0 6

fn=(82) 0x0000000004000c40
0 3
cob=(1)
cfi=(29) /usr/src/debug/glibc-2.25-123-gedcf13e25c/elf/dl-error-skeleton.c
cfn=(84) _dl_catch_error
calls=3 175 
0 6684

ob=(3)
fl=(93) /usr/src/debug/glibc-2.25-123-gedcf13e25c/io/../sysdeps/unix/sysv/linux/wordsize-64/fxstat.c
fn=(374) _fxstat
34 2
+1 6
+4 1

fl=(69) /usr/src/debug/glibc-2.25-123-gedcf13e25c/stdlib/cxa_atexit.c
fn=(244) __cxa_atexit
57 5
-22 1
+22 1
-22 1
cfn=(246) __new_exitfn
calls=1 +38 
* 38
+2 2
+4 1
+3 1
+1 1
-4 2
+2 1
+4 1
+1 1
+11 4

fn=(246)
73 2
+6 1
-6 1
+6 1
-6 1
+6 4
+2 6
+2 3
-2 1
+10 2
-10 2
+45 1
+1 1
+3 4
+3 5
-21 1
+1 2

fl=(98) /usr/src/debug/glibc-2.25-123-gedcf13e25c/stdlib/cxa_thread_atexit_impl.c
fn=(406) __call_tls_dtors
145 3
+1 4
+18 4

fl=(86) /usr/src/debug/glibc-2.25-123-gedcf13e25c/stdlib/../stdlib/strtol.c
fn=(330) strtol
106 4
cfi=(87) /usr/src/debug/glibc-2.25-123-gedcf13e25c/stdlib/../stdlib/strtol_l.c
cfn=(332) ____strtol_l_internal
calls=1 227 
* 94

fl=(65) /usr/src/debug/glibc-2.25-123-gedcf13e25c/string/../sysdeps/x86/cacheinfo.c
fn=(230) init_cacheinfo
481 7
+12 4
770 3
+1 8
495 4
cfn=(232) handle_intel
calls=1 261 
* 444
+2 2
-2 1
+2 1
cfn=(232)
calls=1 261 
* 490
+5 2
-5 1
+5 1
cfn=(232)
calls=1 261 
* 517
+8 1
-8 1
+8 1
+11 1
-20 1
+25 2
+4 2
+8 6
+3 4
+6 2
-6 9
+6 6
+3 26
+14 2
+4 1
+3 1
+1 1
-4 1
+3 1
-3 1
+3 1
+6 8
-39 6
682 4
+1 4
+4 2
+60 2
+2 1
+1 1
+2 1
-3 1
+5 1
-5 1
+4 3
+4 2
+2 1
+1 1
+2 1
-3 1
+5 1
-5 1
+4 4
555 2
+4 1
+1 1
-1 3
+24 2
+8 1
+2 1
-2 6
+2 3
+4 2
-6 1
+4 6
+2 6
+3 2
+1 8
+2 4
+15 2
+3 3
+4 2
+3 1
+2 4
+1 1
+5 1
-43 2
+13 2
+5 1
+2 2
+1 1
-1 1
+2 1
-22 1
+20 1
+1 2
+27 2
+1 1
+1 2
+2 2
-1 2

fn=(234) intel_check_word
133 12
+6 6
-7 24
+7 30
+2 6
-2 6
+2 6
+68 12
+3 36
+39 12
141 24
+2 15
+2 30
+8 30
+51 24
+22 12
fi=(66) /usr/src/debug/glibc-2.25-123-gedcf13e25c/string/../bits/stdlib-bsearch.h
28 12
-1 12
+4 24
+1 12
fe=(65)
+89 24
fi=(66)
-90 18
+1 9
fe=(65)
+89 18
+3 81
fi=(66)
-95 192
+2 120
+1 60
fe=(65)
+89 120
+14 3
256 24
fi=(66)
37 15
-8 36
fe=(65)
165 9
+3 9
-6 13
+3 4
+9 4
+5 14
+1 10
+17 5
-32 15
+3 15
+4 14
+2 28
+2 14
+2 8
+4 3
+2 6
+2 3
+2 3
-2 3
+2 6
-2 3
+3 9
-2 12
+2 6
-24 2
+7 2
+2 4

fn=(232)
261 30
+2 9
+8 3
+1 3
+2 3
-5 12
+11 6
+5 3
-5 9
+5 3
+2 3
+1 3
-1 3
+5 12
cfn=(234)
calls=3 133 
* 969
+1 6
+3 15
cfn=(234)
calls=3 133 
* 320
+1 6
+17 33

fl=(75)
fn=(304) sysmalloc
2242 1617
+20 147
+11 147
-11 147
+11 147
+1 735
fi=(77) /usr/src/debug/glibc-2.25-123-gedcf13e25c/malloc/arena.c
539 441
fe=(75)
2289 147
fi=(77)
539 147
fe=(75)
2289 294
+66 147
+1 441
+10 147
-9 147
+9 1466
+6 438
+3 441
2695 294
+1 147
+5 294
+3 294
+5 147
-3 147
+1 147
+2 147
-1 147
+1 294
+1 147
-1 147
+3 147
-3 441
+1 147
+8 1764
2436 147
-8 294
+8 232
+11 510
+8 85
-8 85
+8 85
+2 735
cfi=(80) /usr/src/debug/glibc-2.25-123-gedcf13e25c/malloc/morecore.c
cfn=(306) __default_morecore
calls=147 46 
* 9749
* 147
+1 147
+3 588
+3 244
+1 122
+46 294
+2 294
+6 147
-6 147
+6 435
+1 362
-83 62
+10 372
+8 62
-8 62
+8 62
+26 9
+7 3
-7 255
+7 513
+34 261
2622 172
+19 172
+7 86
-96 86
+99 86
+1 86
-2 86
+1 172
+12 86
-12 86
+1 86
+11 86
-12 1
+1 1
-2 1
+1 2
+12 1
-12 1
+1 1
+11 1
+7 172
+1 172
+14 86
-14 86
+8 86
+2 86
+4 86
+2 344
cfn=(348) _int_free
calls=86 3847 
* 8075
* 86
2480 343
+32 2
+10 4
+37 2
+6 3
+22 2
+1 5
+2 2
+1 5
cfi=(80)
cfn=(306)
calls=1 46 
* 42
+12 4
2490 688
cfi=(88) /usr/src/debug/glibc-2.25-123-gedcf13e25c/misc/../sysdeps/unix/sysv/linux/wordsize-64/mmap.c
cfn=(352) mmap
calls=86 33 
* 2838
+2 86
-2 86
+2 258
+12 86
+5 430
2356 3
2611 2
+1 176

fn=(400) systrim.isra.3.constprop.12
2731 5
+11 3
+2 1
+1 2
-4 1
+8 3
+2 3
+7 3
cfi=(80)
cfn=(306)
calls=1 46 
* 42
* 1
+1 4
+36 1
-49 1
+49 5

fn=(348)
3847 1248
+13 104
-13 104
+13 208
+6 416
+1 208
+11 416
+13 208
+11 65
+2 39
1860 39
3930 39
+1 26
+4 13
-4 13
+1 13
+9 39
-5 39
+14 52
+2 13
+2 78
4112 1144
3967 182
+1 455
+9 258
3858 86
3983 182
+8 273
+6 182
+1 182
+1 182
1860 273
4008 182
+7 182
+5 180
-51 25
+8 15
-7 10
-14 52
+68 90
+9 90
-1 90
+2 270
+7 90
-2 90
+1 90
+1 90
+5 90
+1 90
+2 270
+1 90
+30 182
+1 4
+3 2
+16 273
+1 15
+1 25
-59 85
+1 170
+42 5
+2 2
cfn=(400)
calls=1 2731 
* 75
* 1
-27 1
+1 3
+1 2
-78 6
-2 4

fn=(302) _int_malloc
3319 108537
+30 9867
-30 9867
+30 59199
+4 9864
-4 9864
+4 19728
+14 29592
+2 3324
+2 3324
-2 3324
+1 3324
+5 6648
+3 45
+1 9
-1 9
+1 18
+25 26032
+44 230984
+1 74488
5073 9840
+2 9840
3469 9840
5075 9840
-2 9840
+2 9840
3469 9840
5073 1
+2 1
3469 1
5075 1
-2 1
+2 1
3469 1
+67 1696
+1 2544
+1 848
-1 848
+53 5088
+7 848
-6 848
+1 848
+1 848
+1 848
+3 848
-7 9516
+7 1586
-6 1586
+1 1586
+1 1586
+1 1586
+3 1586
3469 36825
+3 2434
-1 2434
+1 4868
+1 4868
+4 2434
+10 9732
+34 2434
-5 2434
+1 2434
+4 2434
+13 4868
+8 7506
+1 3486
+1 1162
-1 1162
+4 2324
-4 1272
+1 424
-1 424
+4 848
+5 58
-2 58
+2 174
+1 116
+7 24
-1 24
+1 24
+1 72
3353 6
+14 6
+4 3
-1 3
+5 15
+32 3
+2 3
-2 3
+2 6
-2 3533
+2 3533
-2 3533
+2 7066
+2 36
+4 18
+1 36
+5 18
+1 18
+3 18
-2 18
+2 36
1853 7354
3811 7354
1853 14708
3542 2470
-53 49
-1 98
+2 2
-1 4
+98 6112
-45 222
+23 102
+3 88
+1 264
-3 244
+6 34
+7 32
-1 32
+3 32
-2 32
+1 32
+1 64
+2 68
-8 4
+31 19682
+76 19674
+1 19674
+1 19674
+1 19674
+1 19674
+5 23361
+16 28173
+2 56346
-4 63874
+8 3764
+3 7528
+2 1411
+2 1411
-1 1411
-1 4233
-27 1411
+27 1411
-27 1411
+4 28353
+3 14500
-3 9462
+3 10664
-3 3060
+3 4095
3798 7484
+3 7484
-2 14968
+2 14968
+17 444
4151 4
cfn=(350) malloc_consolidate.part.1
calls=1 -23 
* 184
3823 1
-1 1
+1 1
-1 1
3382 54
1853 7539
3839 118404
3608 25288
+3 6322
-3 6322
+3 12644
+1 2750
+3 7
+1 35
+6 16
+1 9
+4 4
+1 4
-1 4
+1 44
+3 12
4151 16
cfn=(350)
calls=4 -23 
* 498
* 38702
1788 28144
3833 294
cfn=(304)
calls=147 2242 
* 44202
+1 147
-1 147
+1 147
3349 1607
3698 6428
+2 1607
+1 3214
-1 360
+1 720
+24 7059
+3 4706
+5 2353
-3 2353
+3 2353
-3 2353
+3 40160
+3 7059
+15 2338
-5 2338
+6 4676
+11 2338
-6 2338
+1 2338
+1 2338
+1 2338
+3 2338
+1 2333
+1 4676
+2 1499
+1 1499
+2 13491
+2 4497
+1 2998
-3 7551
+2 2517
+1 8744
3404 14132
3739 15
-1 15
+1 30
-41 1080
3806 7336
-3 7336
+3 7336
-2 7336
+2 29344
+2 7336
-2 7336
-1 7336
+1 14672
+2 14672
+25 294
3644 4
-4 4
+5 8
+9 4
-4 4
+1 4
+1 4
+1 4
+1 4
+2 2
+1 2
+2 18
+2 6
+1 4
-3 18
+2 6
+1 4
-34 48

fn=(282)
2879 29601
+5 19734
+1 19734
+3 128258
+2 29598
cfn=(302)
calls=9866 3319 
* 1868834
+3 9866
-3 9866
+3 9866
+8 39464
+2 98660
+3 49330
-20 1
+20 3
-20 1
cfi=(76) /usr/src/debug/glibc-2.25-123-gedcf13e25c/malloc/hooks.c
cfn=(284) malloc_hook_ini
calls=1 29 
* 59575

fn=(346)
2911 144
+5 36
+1 36
+6 36
+5 18
-2 18
+2 36
+20 162
-2 54
+1 36
cfn=(348)
calls=18 3847 
* 1645
* 18

fn=(350)
4128 55
+24 15
+12 5
+1 5
-11 5
5073 5
4164 5
5075 15
-2 5
+2 10
4167 10
+1 10
-1 90
+1 90
5077 9
4194 3
+4 3
-3 3
+1 3
+2 3
+5 3
+1 3
+1 3
-2 3
+12 3
-12 3
+3 6
+9 3
-41 3
-3 3
+3 6
+1 3
+1 6
+2 6
+7 6
+3 6
+4 6
+23 6
+3 200
+6 55

fl=(81) /usr/src/debug/glibc-2.25-123-gedcf13e25c/misc/sbrk.c
fn=(308) sbrk
34 149
+8 149
-8 447
+8 891
+1 298
cfi=(82) /usr/src/debug/glibc-2.25-123-gedcf13e25c/misc/../sysdeps/unix/sysv/linux/x86_64/brk.c
cfn=(310) brk
calls=149 -12 
* 1788
* 447
+3 298
+4 882
+5 86
+7 440
-4 294
cfi=(82)
cfn=(310)
calls=147 -27 
* 2022
* 294
+4 305

fl=(63) /usr/src/debug/glibc-2.25-123-gedcf13e25c/string/../sysdeps/x86_64/strrchr.S
fn=(226) rindex
24 1
+1 1
+1 1
+1 1
+1 1
+1 1
+1 1
+1 1
+1 1
+1 1
+1 1
+1 1
+1 1
+1 1
+1 1
+1 1
+1 1
+1 1
+1 1
+1 1
+1 1
+1 1
+1 1
+1 1

fl=(70) /usr/src/debug/glibc-2.25-123-gedcf13e25c/setjmp/../sysdeps/x86_64/bsd-_setjmp.S
fn=(260) _setjmp
30 1
+2 1
cfi=(71) /usr/src/debug/glibc-2.25-123-gedcf13e25c/setjmp/../sysdeps/x86_64/setjmp.S
cfn=(262) __sigsetjmp
calls=1 -6 
* 27

fl=(49) /usr/src/debug/glibc-2.25-123-gedcf13e25c/string/../sysdeps/x86_64/multiarch/strcmp.S
fn=(182) strncasecmp
129 1
+1 1
+1 1
+1 1
+10 1

fn=(172) strcasecmp
109 1
+1 1
+1 1
+1 1
+10 1

fl=(83)
fn=(316)
66 2
+1 2
+1 2
+1 2
+1 2
+1 2
+1 2
+2 2
+2 2
+30 2
+1 2
+1 2
+1 2
+1 2
+1 2
+1 2

fl=(102) /usr/src/debug/glibc-2.25-123-gedcf13e25c/posix/../sysdeps/unix/sysv/linux/_exit.c
fn=(460) _Exit
27 2
+4 1
+2 2

fl=(89)
fn=(362)
32 179
+3 179
-3 358
+3 2506
+1 716
fi=(94) /usr/src/debug/glibc-2.25-123-gedcf13e25c/libio/libioP.h
862 358
+1 1432
fe=(89)
39 537
-3 358
cfi=(90) /usr/src/debug/glibc-2.25-123-gedcf13e25c/libio/genops.c
cfn=(364) __overflow
calls=179 228 
* 9591
* 358

fl=(96) /usr/src/debug/glibc-2.25-123-gedcf13e25c/io/../sysdeps/unix/syscall-template.S
fn=(394) write
84 2
cfn=(396) __write_nocancel
calls=1 * 
* 5

fn=(396)
84 5

fl=(78) /usr/src/debug/glibc-2.25-123-gedcf13e25c/elf/dl-addr.c
fn=(290) _dl_addr
127 9
+2 1
-2 1
+5 1
-5 1
+5 2
cob=(1)
cfi=(2) /usr/src/debug/glibc-2.25-123-gedcf13e25c/elf/rtld.c
cfn=(50) rtld_lock_default_lock_recursive
calls=1 779 
* 2
+2 2
cob=(2)
cfi=(17)
cfn=(292)
calls=1 0 
* 45
+2 3
30 1
+1 1
-1 1
+1 1
+3 2
+5 1
+6 1
-7 1
+2 3
+2 3
+3 1
+5 7
-6 2
+6 4043
+2 1010
+1 2020
-1 1
+1 2
+2 3636
+9 1992
+7 26
-2 26
+2 2292
-2 2240
+2 5837
-10 11330
+2 9064
+1 14427
+36 2
+1 1
+1 3
+3 2
+37 2
cob=(1)
cfi=(2)
cfn=(52) rtld_lock_default_unlock_recursive
calls=1 785 
* 2
+3 9
-28 1
+1 1
+21 2

fl=(84) /usr/src/debug/glibc-2.25-123-gedcf13e25c/ctype/../include/ctype.h
fn=(322) __ctype_b_loc
38 2
+1 1

fl=(72) /usr/src/debug/glibc-2.25-123-gedcf13e25c/setjmp/sigjmp.c
fn=(264) __sigjmp_save
29 1
-1 2
+1 2
+5 3

fl=(88)
fn=(352)
33 86
-1 1032
+1 86
+1 860
+2 602
-3 172

fl=(53) /usr/src/debug/glibc-2.25-123-gedcf13e25c/string/../sysdeps/x86_64/multiarch/strcspn.S
fn=(184) strpbrk
45 1
+1 1
+1 1
+1 1
+1 1
+1 1

fn=(180) strcspn
45 1
+1 1
+1 1
+1 1
+1 1
+1 1

fl=(90)
fn=(364)
228 360
+2 540
+1 1
+1 1
fi=(94)
936 3
+2 2
+1 2
fe=(90)
232 179
fi=(94)
936 537
+2 358
+1 358
fe=(90)
232 180
+1 360
-1 180
cfi=(91) /usr/src/debug/glibc-2.25-123-gedcf13e25c/libio/fileops.c
cfn=(366) _IO_file_overflow@@GLIBC_2.2.5
calls=180 816 
* 6692

fn=(448) _IO_flush_all_lockp
766 11
+6 2
fi=(94)
936 2
fe=(90)
772 1
+11 1
fi=(94)
936 1
fe=(90)
783 2
+12 6
+4 3
-2 3
+2 6
-17 3
-1 3
+1 3
+3 21
-7 1
-1 1
-5 1
+7 2
+27 3
-7 3
-20 6
+31 3
+2 3
+4 12

fn=(378) _IO_setb
380 3
+1 4
+3 1
+2 4
-3 1
+3 2
+3 3

fn=(368) _IO_doallocbuf
395 2
-1 3
+3 4
+4 4
-3 1
fi=(94)
936 3
+2 2
+1 2
fe=(90)
398 2
cfi=(92) /usr/src/debug/glibc-2.25-123-gedcf13e25c/libio/filedoalloc.c
cfn=(370) _IO_file_doallocate
calls=1 78 
* 587
* 2

fn=(446) _IO_cleanup
954 2
+3 1
-3 5
+3 1
cfn=(448)
calls=1 766 
* 103
-63 1
+63 1
-63 2
fi=(94)
+42 2
fe=(90)
-32 1
fi=(94)
+32 2
fe=(90)
-2 3
-40 9
+2 9
+2 6
+6 12
+8 2
+9 1
fi=(94)
+17 2
+1 2
fe=(90)
-18 4
cfi=(91)
cfn=(454) _IO_file_setbuf@@GLIBC_2.2.5
calls=1 458 
* 83
+2 3
+4 5
+1 8
+41 9
-57 3
+2 2
+2 1
+1 1
-1 1
+2 3
-14 4

fn=(456) _IO_default_setbuf
522 2
fi=(94)
936 1
fe=(90)
522 3
fi=(94)
936 1
fe=(90)
522 3
+1 1
fi=(94)
936 1
+2 2
+1 2
fe=(90)
523 2
cfi=(91)
cfn=(458) _IO_file_sync@@GLIBC_2.2.5
calls=1 876 
* 17
* 3
+2 2
+7 1
-7 1
+10 2
+2 1
-2 1
+1 3
+2 6
-11 1
381 1
528 1
-1 1
+1 1
381 3
+7 1
-5 1
+1 1
+4 2

fl=(97) /usr/src/debug/glibc-2.25-123-gedcf13e25c/stdlib/exit.c
fn=(402) exit
105 1
-1 1
+1 3
cfn=(404) __run_exit_handlers
calls=1 -70 
* 980

fn=(404)
35 8
+5 2
+1 1
cfi=(98)
cfn=(406)
calls=1 145 
* 11
* 1
+6 6
+4 3
-4 3
+4 3
+3 1
-1 1
+2 5
+33 1
+1 1
-1 1
+1 1
+6 2
+1 10
cfi=(90)
cfn=(446)
calls=1 954 
* 294
* 3
+2 2
cfi=(102)
cfn=(460)
calls=1 -71 
* 5
-19 1
+4 1
-4 1
+2 1
+2 1
-2 2
+2 1
cob=(1)
cfi=(99) /usr/src/debug/glibc-2.25-123-gedcf13e25c/elf/dl-fini.c
cfn=(408) _dl_fini
calls=1 +47 
* 606
+1 1

fl=(52) /usr/src/debug/glibc-2.25-123-gedcf13e25c/elf/../sysdeps/unix/sysv/linux/dl-vdso.c
fn=(178) _dl_vdso_vsym
26 20
+1 8
+4 8
+18 24
-21 4
+20 4

fl=(80)
fn=(306)
46 149
+1 149
cfi=(81)
cfn=(308)
calls=149 -13 
* 8790
+2 447
+3 298

fl=(56) /usr/src/debug/glibc-2.25-123-gedcf13e25c/string/../sysdeps/x86_64/multiarch/memmove.S
fn=(192) memmove
29 1
+1 1
+1 1
+1 1
+1 1
+1 1
+11 1
+1 1
+1 1
+1 1
+1 1
+1 1
+1 1

fl=(50) /usr/src/debug/glibc-2.25-123-gedcf13e25c/time/../sysdeps/unix/sysv/linux/x86/time.c
fn=(174) time
43 2
fi=(51) /usr/src/debug/glibc-2.25-123-gedcf13e25c/time/../sysdeps/generic/dl-hash.h
+1 1
+1 1
fe=(50)
-2 4
fi=(51)
+5 3
+14 4
-17 3
+3 9
+14 12
-17 9
+22 1
fe=(50)
-24 6
cfi=(52)
cfn=(178)
calls=1 -17 
* 17
* 5

fl=(95) /usr/src/debug/glibc-2.25-123-gedcf13e25c/libio/putchar.c
fn=(386) putchar
25 1
+2 1
-2 1
+2 17
+1 4
fi=(94)
862 2
+1 8
fe=(95)
31 3
-3 1
cfi=(90)
cfn=(364)
calls=1 228 
* 162
* 2

fl=(55) /usr/src/debug/glibc-2.25-123-gedcf13e25c/time/../sysdeps/unix/sysv/linux/x86/gettimeofday.c
fn=(188) gettimeofday
42 2
fi=(51)
+2 1
+1 1
fe=(55)
-3 3
fi=(51)
+1 1
+5 3
+14 4
-17 3
+3 9
+14 12
-17 9
+22 1
fe=(55)
-25 6
cfi=(52)
cfn=(178)
calls=1 -16 
* 17
* 5

fl=(62) /usr/src/debug/glibc-2.25-123-gedcf13e25c/misc/init-misc.c
fn=(224) __init_misc
31 2
-1 3
+1 4
+2 3
cfi=(63)
cfn=(226)
calls=1 -9 
* 24
+4 5
+1 3
+2 4

fl=(54) /usr/src/debug/glibc-2.25-123-gedcf13e25c/string/../sysdeps/x86_64/multiarch/strspn.S
fn=(186) strspn
30 1
+1 1
+1 1
+1 1
+1 1
+1 1

fl=(91)
fn=(388) _IO_do_write@@GLIBC_2.2.5
502 3
-2 16
+11 2
+7 4
fi=(94)
939 2
fe=(91)
526 4
cfn=(392) _IO_file_write@@GLIBC_2.2.5
calls=1 1266 
* 44
* 1
+1 5
+6 1
-4 1
+4 1
-4 3
+1 2
+3 1
-2 1
-29 4
+1 8
+29 2

fn=(372) _IO_file_stat
1237 1
+1 3
cfi=(93)
cfn=(374)
calls=1 34 
* 9

fn=(366)
816 540
+7 180
-8 1080
+8 717
+35 358
+3 360
+3 540
+1 540
+1 900
+5 720
-45 2
+12 2
+9 4
+8 1
-4 1
+3 2
-2 2
-3 1
+1 2
+5 1
-1 1
+1 3
+3 1
-2 1
+2 1
+10 2
-1 1
+1 1
-1 1
cfn=(388)
calls=1 502 
* 105
* 2
-39 2
cfi=(90)
cfn=(368)
calls=1 395 
* 612
+1 6

fn=(458)
876 4
+5 4
+2 1
+1 2
+17 2
+4 4

fn=(392)
1266 1
-2 6
+2 4
+4 2
+1 1
cfi=(96)
cfn=(394)
calls=1 84 
* 7
+1 2
+5 1
+1 1
-12 2
+5 2
-1 2
+1 1
+10 3
+3 9

fn=(454)
458 2
+1 1
cfi=(90)
cfn=(456)
calls=1 +63 
* 68
* 2
+4 2
-1 2
+2 3
+2 1
+1 2

fl=(59) /usr/src/debug/glibc-2.25-123-gedcf13e25c/csu/../csu/init-first.c
fn=(218) _init
52 8
+6 6
+14 1
fi=(60) /usr/src/debug/glibc-2.25-123-gedcf13e25c/csu/../sysdeps/generic/dl-hash.h
-28 1
fe=(59)
+26 1
+1 1
fi=(60)
-26 1
fe=(59)
+27 1
fi=(61) /usr/src/debug/glibc-2.25-123-gedcf13e25c/csu/../sysdeps/unix/sysv/linux/x86_64/init-first.c
-36 4
fi=(60)
+7 1
+5 3
+14 4
-17 3
+3 9
+14 12
-17 9
+22 1
fi=(61)
-31 2
+2 2
-2 1
+2 2
cfi=(52)
cfn=(178)
calls=1 -12 
* 17
+1 2
+1 1
+4 2
-3 2
+1 1
+2 1
cfi=(52)
cfn=(178)
calls=1 -18 
* 17
fe=(59)
+40 3
fi=(61)
-39 2
+1 1
fe=(59)
+38 1
cfi=(62)
cfn=(224)
calls=1 -53 
* 48
+8 1
cfi=(64) /usr/src/debug/glibc-2.25-123-gedcf13e25c/ctype/ctype-info.c
cfn=(228) __ctype_init
calls=1 -61 
* 16
+5 6
-32 1
-7 1
+7 4

fl=(77)
fn=(288) ptmalloc_init.part.2
289 7
+5 1
-5 3
+13 2
+6 2
+6 1
-6 1
+6 5
fi=(75)
4151 2
fe=(77)
317 4
cob=(2)
cfi=(17)
cfn=(298)
calls=1 0 
* 9
+1 4
cob=(2)
cfi=(17)
cfn=(298)
calls=1 0 
* 9
+1 4
cob=(2)
cfi=(17)
cfn=(298)
calls=1 0 
* 9
+1 4
cob=(2)
cfi=(17)
cfn=(298)
calls=1 0 
* 9
+1 4
cob=(2)
cfi=(17)
cfn=(298)
calls=1 0 
* 9
+1 4
cob=(2)
cfi=(17)
cfn=(298)
calls=1 0 
* 9
+1 4
cob=(2)
cfi=(17)
cfn=(298)
calls=1 0 
* 9
+1 4
cob=(2)
cfi=(17)
cfn=(298)
calls=1 0 
* 9
+1 4
+73 2
+1 2
+4 2
-1 1
+1 9
fi=(75)
4182 3
1776 4
4151 5
1776 16
+1 12
-1 480
+1 363
+8 1
+1 1
-9 5
+11 3
fe=(77)
303 5
cfi=(78)
cfn=(290)
calls=1 127 
* 58063
* 2
+1 4

fl=(64)
fn=(228)
31 5
+2 1
+2 1
-4 1
+4 1
-4 1
+2 3
+2 2
+1 1

fl=(92)
fn=(370)
78 8
+6 4
fi=(94)
936 3
+2 2
+1 2
fe=(92)
84 3
cfi=(91)
cfn=(372)
calls=1 1237 
* 13
* 2
+2 4
+11 4
+4 2
cob=(2)
cfi=(17)
cfn=(376)
calls=1 0 
* 493
* 1
+2 1
-1 2
+2 4
cfi=(90)
cfn=(378)
calls=1 380 
* 18
+1 1
+1 8
-15 1
fi=(103) /usr/src/debug/glibc-2.25-123-gedcf13e25c/libio/../misc/sys/sysmacros.h
-12 6
fe=(92)
+12 1
-2 2
+5 2

fl=(68)
fn=(242)
133 8
+4 1
-4 2
+4 7
+87 1
-87 1
+87 1
+1 4
cfi=(69)
cfn=(244)
calls=1 57 
* 60
+22 4
+3 2
+1 5
cob=(5)
cfi=(67)
cfn=(248)
calls=1 0 
* 56
+4 4
+15 2
+12 2
cfi=(70)
cfn=(260)
calls=1 30 
* 29
+1 2
+5 2
+1 2
+3 2
+3 6
cob=(5)
cfi=(67)
cfn=(266)
calls=1 0 
* 2306033240
+34 2
cfi=(97)
cfn=(402)
calls=1 105 
* 985

fl=(82)
fn=(310)
31 2368
+8 296
-6 592
+7 210
-5 172
+1 86
+4 86

fl=(100)
fn=(432)
31 7
+17 1
-17 1
+4 3
+4 6
-4 3
+32 5
+4 6
-4 3
+12 2
+3 1
-2 1
+2 6
-2 1
cfi=(101) /usr/src/debug/glibc-2.25-123-gedcf13e25c/nptl/unregister-atfork.c
cfn=(434) __unregister_atfork
calls=1 -52 
* 16

fl=(87)
fn=(332)
227 2
+48 1
-48 5
+47 1
-47 2
+26 2
+31 4
526 8
293 6
+2 2
+5 2
+5 1
-6 1
+6 1
+4 2
+10 2
+7 2
435 1
-56 1
+56 3
+16 1
+10 1
+1 1
-84 1
-1 1
+96 1
-22 2
+17 1
+5 1
+1 3
-41 2
+2 4
+2 3
+28 3
+3 2
+11 2
+5 2
+6 2
329 5
-82 2
493 3
-2 2

fl=(85) /usr/src/debug/glibc-2.25-123-gedcf13e25c/stdlib/atoi.c
fn=(328) atoi
26 1
+1 3
cfi=(86)
cfn=(330)
calls=1 +79 
* 98
+1 2

fl=(76)
fn=(284)
29 4
fi=(77)
291 1
fe=(76)
30 1
fi=(77)
291 1
fe=(76)
30 1
fi=(77)
291 1
fi=(75)
2888 12
+2 3
cfn=(302)
calls=1 3319 
* 410
+3 1
-3 1
+3 1
+8 4
+2 10
fe=(76)
33 5
fi=(75)
2900 1
cfi=(77)
cfn=(288)
calls=1 289 
* 59115
* 1
-15 2
fe=(76)

fl=(71)
fn=(262)
26 1
+9 1
+1 2
+1 1
+4 1
+1 1
+1 1
+1 1
+1 1
+2 2
+2 1
+1 1
+1 1
+2 2
+2 1
+8 1
cfi=(72)
cfn=(264)
calls=1 -34 
* 8

fl=(101)
fn=(434)
28 4
+8 1
-8 3
+11 2
+82 6

ob=(1)
fl=(29)
fn=(84)
175 6
+15 3
-3 6
+6 3
-6 3
+9 3
-9 3
+3 3
+2 3
-5 3
+6 3
+3 3
-21 6
+12 3
+2 6
+3 3
+4 3
cfi=(30) /usr/src/debug/glibc-2.25-123-gedcf13e25c/setjmp/../sysdeps/x86_64/setjmp.S
cfn=(86) __sigsetjmp
calls=3 26 
* 60
* 9
+2 9
cfi=(42) /usr/src/debug/glibc-2.25-123-gedcf13e25c/elf/dl-deps.c
cfn=(128) openaux
calls=2 61 
* 4365
cfi=(2)
cfn=(88) map_doit
calls=1 583 
* 2142
+1 3
+2 3
+1 3
-3 3
+1 6
+1 3
+9 3
-8 3
+8 9

fn=(142) _dl_receive_error
217 3
+1 1
+1 1
+3 1
+1 1
+2 2
cfi=(2)
cfn=(144) version_check_doit
calls=1 616 
* 2655
+2 1
+1 1
+1 4

fl=(27) /usr/src/debug/glibc-2.25-123-gedcf13e25c/elf/../elf/dl-tls.c
fn=(154) _dl_determine_tlsoffset
144 1
-6 5
+6 2
+3 2
+36 3
+2 4
-2 1
-2 1
-40 1
-1 1
-1 2
+69 2
+3 2
-3 5
+2 2
+10 1
-37 2
+25 1
-25 2
+5 1
-1 1
+5 2
-4 1
-1 2
+3 2
+2 3
-9 5
+93 1
-53 1
+1 1
+52 1
-1 1
+1 4

fn=(194) _dl_add_to_slotinfo
896 4
+9 1
-3 2
+8 7
+41 1
+1 1
+1 4

fn=(196) _dl_allocate_tls_init
444 8
+1 1
-1 1
+1 1
+4 1
+6 2
-6 1
+6 1
+12 1
-15 1
+15 1
-16 2
+21 9
+6 14
+3 1
+1 2
+6 3
+1 1
+6 1
-6 1
+2 1
+4 1
-4 3
+3 1
-3 1
+1 1
+2 1
+4 2
+1 4
+2 2
+1 1
+12 1
-12 1
+12 1
-3 1
+3 1
cfi=(19) /usr/src/debug/glibc-2.25-123-gedcf13e25c/string/../sysdeps/x86_64/multiarch/memmove-vec-unaligned-erms.S
cfn=(68) mempcpy
calls=1 117 
* 12
* 4
cfi=(25) /usr/src/debug/glibc-2.25-123-gedcf13e25c/string/../sysdeps/x86_64/multiarch/memset-vec-unaligned-erms.S
cfn=(70) memset
calls=1 91 
* 33
* 7
-42 2
+52 1
+4 3
+3 8

fn=(156) _dl_allocate_tls_storage
338 1
+2 1
-2 2
+13 1
+1 2
cob=(2)
cfi=(17)
cfn=(42)
calls=1 0 
* 19
+1 3
+8 2
-71 1
+71 2
+1 1
+4 297
+19 1
-96 2
+1 2
cob=(2)
cfi=(17)
cfn=(38)
calls=1 0 
* 28
+1 2
+3 1
+6 2
+91 5

fn=(74) _dl_count_modids
115 2
+1 2

fn=(136) _dl_next_tls_modid
52 4
+48 1
+4 1

fl=(43) /usr/src/debug/glibc-2.25-123-gedcf13e25c/elf/dl-cache.c
fn=(130) _dl_load_cache_lookup
185 9
+8 2
+3 3
+45 1
+6 2
+15 1
+13 1
-20 4
+7 2
+13 1
-13 1
+13 149
cfn=(134) _dl_cache_libcmp
calls=11 138 
* 812
* 74
cfn=(134)
calls=1 138 
* 71
* 7
-76 4
cfi=(31) /usr/src/debug/glibc-2.25-123-gedcf13e25c/elf/dl-misc.c
cfn=(132) _dl_sysdep_read_whole_file
calls=1 45 
* 93
+8 1
-8 1
+8 4
+1 7
+7 1
-3 1
+3 3
+3 1
+1 2
-1 1
+1 1
+1 8
+71 2
+4 2
+8 2
cfi=(12) /usr/src/debug/glibc-2.25-123-gedcf13e25c/string/../sysdeps/x86_64/strlen.S
cfn=(26) strlen
calls=1 66 
* 34
* 2
+1 1
-1 4
+1 2
cfi=(19)
cfn=(46) memcpy
calls=1 131 
* 10
+1 2
cfi=(33) /usr/src/debug/glibc-2.25-123-gedcf13e25c/string/strdup.c
cfn=(98) strdup
calls=1 40 
* 80
+1 8
-19 1
-24 7
-1 4
+13 16
+12 3

fn=(134)
138 24
+1 26
+2 244
+20 120
+2 218
+4 49
+1 49
-29 98
+32 3
-28 2
+6 1
+2 1
-1 1
-1 2
+1 1
-1 1
+2 3
+2 3
-3 1
+3 1
+2 2
+9 33

fn=(200) _dl_unload_cache
316 4
-1 1
+3 2
cfi=(39) /usr/src/debug/glibc-2.25-123-gedcf13e25c/misc/../sysdeps/unix/syscall-template.S
cfn=(202) munmap
calls=1 84 
* 5
+1 1
+2 2

fl=(99)
fn=(408)
130 8
+20 3
-3 6
+3 4
+3 2
cfi=(2)
cfn=(50)
calls=1 779 
* 2
+2 1
+3 2
+2 8
+8 1
-3 1
+8 1
-5 6
+7 8
+2 8
+2 8
+1 4
+1 4
+4 4
-12 12
+14 6
+1 2
+4 5
cfn=(410) _dl_sort_fini
calls=1 33 
* 236
+9 2
cfi=(2)
cfn=(52)
calls=1 785 
* 2
+5 6
+2 1
+2 3
-2 3
+2 9
+3 8
+3 12
+4 4
+11 2
+1 2
-1 2
+2 2
-2 2
+2 2
+1 14
+1 2
cob=(4) /usr/lib64/valgrind/vgpreload_core-amd64-linux.so
cfi=(58) ???
cfn=(424) 0x0000000000000600
calls=1 0 
* 83
cob=(5)
cfi=(67)
cfn=(412)
calls=1 0 
* 15
* 2
-1 6
+5 4
+1 6
cob=(2)
cfi=(17)
cfn=(444)
calls=1 0 
* 3
cob=(2)
cfi=(17)
cfn=(422)
calls=1 0 
* 3
+6 24
+16 8
-56 10
+62 6
+6 2
+7 8
-64 6

fn=(410)
33 2
-2 6
+7 1
-7 5
+8 2
-1 3
+1 1
-1 2
+2 1
-2 1
+1 3
+1 2
cfi=(25)
cfn=(70)
calls=1 +51 
* 13
* 13
+77 17
+3 12
cfi=(25)
cfn=(70)
calls=2 -29 
* 32
* 3
-76 6
+1 3
-1 3
+1 6
+4 12
+7 24
+2 6
+1 4
-1 3
+1 3
+2 9
+1 6
+30 15
-36 6
+60 3
+8 8

fl=(34) /usr/src/debug/glibc-2.25-123-gedcf13e25c/io/../sysdeps/unix/syscall-template.S
fn=(122) close
84 12
+1 3

fn=(104) read
84 8
+1 2

fn=(102) open
84 12
+1 3

fl=(23) /usr/src/debug/glibc-2.25-123-gedcf13e25c/elf/dl-load.c
fn=(96) expand_dynamic_string_token
362 7
+10 2
-10 1
+10 1
cfi=(32) /usr/src/debug/glibc-2.25-123-gedcf13e25c/string/../sysdeps/x86_64/strchr.S
cfn=(94) index
calls=1 24 
* 47
* 2
+4 1
+11 5
-11 1
cfi=(33)
cfn=(98)
calls=1 40 
* 88

fn=(64) _dl_init_paths
678 1
+13 2
-13 8
+13 3
cfi=(24) /usr/src/debug/glibc-2.25-123-gedcf13e25c/elf/dl-hwcaps.c
cfn=(66) _dl_important_hwcaps
calls=1 39 
* 355
+5 1
-5 1
+5 1
cob=(2)
cfi=(17)
cfn=(42)
calls=1 0 
* 19
+1 1
-2 1
+2 1
+8 2
-1 1
+1 3
-1 3
+4 4
cob=(2)
cfi=(17)
cfn=(42)
calls=1 0 
* 19
+2 1
-2 2
+2 2
+17 1
+1 1
-11 1
+22 1
-3 1
-20 1
+11 1
+3 1
+1 1
-1 1
+6 1
+1 4
+2 2
cfi=(25)
cfn=(70)
calls=1 91 
* 12
-12 1
+3 1
+7 1
+2 1
-14 2
+3 1
+2 2
-3 1
+4 2
cfi=(25)
cfn=(70)
calls=1 91 
* 12
+19 1
-11 1
+6 1
+1 1
+5 2
+2 4
+2 3
+38 2
+32 1
+1 8
-52 1
-2 2
+2 2
+14 2

fn=(106) _dl_map_object_from_fd
864 22
+10 2
-10 2
+10 2
-10 6
+10 2
cfi=(26) /usr/src/debug/glibc-2.25-123-gedcf13e25c/elf/dl-debug.c
cfn=(72) _dl_debug_initialize
calls=2 50 
* 16
fi=(35) /usr/src/debug/glibc-2.25-123-gedcf13e25c/elf/../sysdeps/posix/dl-fileid.h
35 6
fe=(23)
874 2
fi=(35)
35 2
cfi=(36) /usr/src/debug/glibc-2.25-123-gedcf13e25c/io/../sysdeps/unix/sysv/linux/wordsize-64/fxstat.c
cfn=(110) _fxstat
calls=2 -1 
* 18
* 4
+4 2
fe=(23)
891 2
fi=(35)
38 2
+1 2
fe=(23)
891 27
+1 10
fi=(35)
47 13
fe=(23)
1407 18
909 4
+24 8
+10 4
+22 8
+32 4
875 2
1000 14
cfi=(16) /usr/src/debug/glibc-2.25-123-gedcf13e25c/elf/dl-object.c
cfn=(36) _dl_new_object
calls=2 61 
* 756
+1 2
-1 2
+1 2
+11 4
+5 2
-5 2
+1 2
+5 2
-5 2
+1 2
+2 2
-2 2
+2 4
+1 6
+20 2
-2 2
+10 2
-8 12
+8 2
-8 6
+8 2
1146 4
1039 2
-1 2
-5 2
1146 6
1046 32
-1 102
+1 95
+6 4
+1 6
+1 2
+9 20
+5 28
+7 20
+13 4
-1 4
+3 4
-4 4
+1 12
+1 4
-1 4
+1 4
+3 4
+4 4
-8 4
+1 4
+1 4
+1 4
+1 4
+4 4
+1 10
+5 2
-1 2
+1 4
-15 2
+14 2
+1 10
+10 2
-10 2
-1 2
+1 4
-15 2
+14 2
+1 10
+10 2
-54 2
+1 1
+56 3
+4 1
+1 1
+2 1
-1 1
-1 2
+1 1
+3 3
+1 1
+3 1
-3 1
+7 4
+6 1
cfi=(27)
cfn=(136)
calls=1 52 
* 6
* 2
+1 1
+19 4
+1 6
+1 2
-6 4
+1 2
+8 4
1013 2
1171 2
1013 2
1171 2
+10 6
fi=(38) /usr/src/debug/glibc-2.25-123-gedcf13e25c/elf/./dl-map-segments.h
56 4
fe=(23)
1181 6
fi=(38)
56 2
fe=(23)
1181 6
fi=(38)
56 2
-6 2
+6 4
-6 2
+6 2
cfi=(37) /usr/src/debug/glibc-2.25-123-gedcf13e25c/misc/../sysdeps/unix/sysv/linux/wordsize-64/mmap.c
cfn=(112) mmap
calls=2 -23 
* 70
+4 2
-4 2
+4 2
+3 4
+1 2
+2 2
-2 2
-1 2
+3 2
+10 4
fi=(40) /usr/src/debug/glibc-2.25-123-gedcf13e25c/elf/./dl-load.h
+14 8
+1 6
+2 8
fi=(38)
+7 16
+6 2
+2 2
-2 2
+1 2
+2 4
-1 8
+8 6
+17 4
+12 4
-59 20
+2 12
+2 16
cfi=(37)
cfn=(112)
calls=2 -57 
* 62
* 4
fe=(23)
1193 8
+9 4
fi=(3) /usr/src/debug/glibc-2.25-123-gedcf13e25c/elf/get-dynamic-info.h
39 2
fe=(23)
1202 2
fi=(3)
39 2
+6 2
-2 2
+2 4
+15 2
+5 2
+3 2
-1 2
-3 2
-3 40
+10 9
-26 27
+16 35
+10 35
-26 105
+26 2
-26 6
+2 92
+13 44
+2 8
+16 4
+20 7
+1 8
+1 8
+1 8
+2 8
+5 8
+1 7
+1 8
+6 6
+5 4
+7 4
+1 6
+16 6
+5 1
+2 1
-2 1
+2 1
+2 2
+2 2
+3 6
+10 2
-8 8
+8 2
+5 4
+3 4
fe=(23)
1209 4
+15 6
+19 4
+2 10
+54 6
+1 2
+3 2
cfi=(34)
cfn=(122)
calls=1 84 
* 5
* 2
cfi=(34)
cfn=(122)
calls=1 84 
* 5
* 4
+9 4
+2 6
+2 2
-2 2
+2 2
+16 4
cfi=(6) /usr/src/debug/glibc-2.25-123-gedcf13e25c/elf/dl-lookup.c
cfn=(10) _dl_setup_hash
calls=2 959 
* 46
+4 4
+1 4
+17 4
+9 2
-5 6
+5 2
+10 4
+10 6
cfi=(16)
cfn=(48) _dl_add_to_namespace_list
calls=2 32 
* 82
+4 6
fi=(38)
73 8
-1 12
cfi=(39)
cfn=(116) mprotect
calls=2 +12 
* 10
* 2
fi=(3)
-7 8
+3 8
+1 2
+1 8
fe=(23)
1355 2
fi=(38)
119 4
+8 12
cfi=(25)
cfn=(70)
calls=2 -36 
* 291
* 6
fi=(3)
+48 3
-18 2
fi=(40)
-63 5
+2 1
-1 3
+1 1
-1 1
+1 2
-1 2
+3 4
fi=(38)
+39 8
cfi=(37)
cfn=(112)
calls=1 33 
* 31
+3 2
fe=(23)

fn=(100) open_verify.constprop.7
1456 22
+39 2
-39 6
+39 6
+31 8
cfi=(34)
cfn=(102)
calls=2 84 
* 10
+2 2
-2 2
+2 4
+10 2
+1 4
+5 12
cfi=(34)
cfn=(104)
calls=2 84 
* 10
+2 4
+2 2
+2 2
-2 2
+2 2
+6 4
+16 32
+59 4
+5 4
+2 8
+6 4
+11 4
+6 2
+1 2
-1 6
+1 6
+1 2
+20 82
+1 36
+4 8
+1 4
+9 18
+16 2
+3 1
+1 3
+1 1
-1 1
-1 1
+3 3
+1 3
+13 18
1572 2
1702 2
+1 2
-1 2
+1 2
-1 2
+1 2
-2 2
+4 6
+5 1
+1 4

fn=(90) _dl_map_object
1897 21
+8 3
-8 6
+8 3
+1 12
+3 42
+5 49
+2 21
cfi=(31)
cfn=(92) _dl_name_match_p
calls=7 288 
* 806
* 14
+4 12
+1 18
+3 2
+1 2
+1 2
-1 2
+1 2
cfi=(20) /usr/src/debug/glibc-2.25-123-gedcf13e25c/string/../sysdeps/x86_64/strcmp.S
cfn=(54) strcmp
calls=2 144 
* 75
* 4
2209 27
1943 6
+10 6
-54 2
+90 4
-2 2
+2 2
cfi=(32)
cfn=(94)
calls=2 24 
* 46
* 4
2140 6
cfn=(96)
calls=1 362 
* 155
* 1
-2 1
+3 5
+4 9
cfn=(100)
calls=1 1456 
* 188
+3 2
-3 1
+3 3
+12 3
+46 1
+1 3
-1 1
+1 9
cfn=(106)
calls=1 864 
* 1344
-1 1
+1 3
-1 1
+1 9
cfn=(106)
calls=1 864 
* 1753
* 6
1989 1
+4 2
cfi=(12)
cfn=(26)
calls=1 66 
* 16
* 1
+2 1
-2 1
+2 1
+7 4
655 3
2132 2
+28 4
+2 2
-95 1
-14 1
+14 1
+2 3
+4 2
cfi=(43)
cfn=(130)
calls=1 185 
* 1448
+2 1
-2 1
+2 1
+4 2
+8 3
+23 10
cfn=(100)
calls=1 1456 
* 200
+4 2
-4 1
+4 3
+1 2
-88 7
655 3
2037 2
-31 1
+1 2
-1 3
+8 7
-3 3
655 3
+9 3
2026 3
+18 2

fl=(37)
fn=(112)
33 7
-1 84
+1 7
+1 70
+2 49
-3 12

fl=(74) /usr/src/debug/glibc-2.25-123-gedcf13e25c/elf/../elf/dl-runtime.c
fn=(278) _dl_fixup
66 14
+6 14
-6 7
+3 14
+3 21
-4 7
+5 7
+1 7
-1 35
+1 7
-1 7
+1 7
+5 14
+4 14
+4 7
+7 7
-7 14
+4 14
+1 28
+2 28
+7 14
-1 7
+1 7
+10 63
cfi=(6)
cfn=(166) _dl_lookup_symbol_x
calls=7 810 
* 4865
* 7
+4 35
+10 49
+16 7
-8 7
+8 21
+4 21
fi=(5) /usr/src/debug/glibc-2.25-123-gedcf13e25c/elf/../sysdeps/x86_64/dl-machine.h
+96 7
fe=(74)
-92 21

fl=(36)
fn=(110)
34 6
+1 18
+4 3

fl=(26)
fn=(72)
50 8
+5 6
+5 2
-1 1
+1 2
+1 2
-1 1
+5 1
-14 4
+4 8
+4 1
-1 1
+1 4

fn=(76) _dl_debug_state
75 2

fl=(46) /usr/src/debug/glibc-2.25-123-gedcf13e25c/elf/dl-version.c
fn=(146) _dl_check_all_versions
380 5
+2 1
-2 3
+4 3
+2 24
cfn=(148) _dl_check_map_versions
calls=4 174 
* 2574
-2 4
+2 16
-2 8
+5 7

fn=(148)
174 32
+15 12
+2 4
+3 16
-3 4
+2 4
+1 4
+2 4
-3 4
+3 4
+3 4
-16 2
-8 2
+28 2
-4 2
+4 4
+17 2
56 4
220 2
56 10
+1 5
-1 10
+2 21
cfi=(31)
cfn=(92)
calls=7 288 
* 628
* 14
228 6
+5 16
+19 2
-15 4
+2 2
-2 20
+2 2
-2 34
cfn=(150) match_symbol
calls=2 76 
* 262
* 8
cfn=(150)
calls=2 76 
* 274
* 4
+7 24
+3 16
+9 8
+14 4
+3 8
+10 30
-7 120
+3 90
-3 8
+3 6
+8 6
+87 36
-81 12
cob=(2)
cfi=(17)
cfn=(38)
calls=3 0 
* 84
+1 3
-2 3
+2 3
+11 3
+2 3
-5 3
+3 3
+2 3
-2 3
+2 3
+3 6
+4 6
+18 2
-15 6
+2 6
-2 6
+2 6
+2 4
+1 4
-1 8
+1 4
-1 4
+1 4
+1 4
-2 4
+2 8
+1 12
+3 12
+8 6
+10 9
+3 8
+4 30
+6 30
+1 30
+1 30
-1 90
+1 30
-1 30
+1 30
+1 30
+3 90
+4 30
-14 64
+10 6
183 2
-8 2
+95 5

fn=(150)
76 44
+9 4
-8 4
-1 8
+1 4
+8 4
+6 12
+15 4
+1 8
+2 4
+5 8
+14 28
+12 30
+4 10
-30 20
+16 4
+3 16
cfi=(20)
cfn=(54)
calls=4 +11 
* 284
* 8
+35 32

fl=(31)
fn=(92)
288 280
+1 112
cfi=(20)
cfn=(54)
calls=56 144 
* 1422
* 56
+1 56
-1 56
+3 56
+2 112
+6 53
+1 265
-3 57
-4 114
+1 180
cfi=(20)
cfn=(54)
calls=60 144 
* 1627
* 120
+6 3
-11 3
+11 12

fn=(132)
45 2
+7 1
-7 3
+7 1
-7 3
+7 1
cfi=(34)
cfn=(102)
calls=1 +32 
* 5
+1 2
+2 5
cfi=(36)
cfn=(110)
calls=1 -21 
* 9
* 2
+2 1
+3 1
-3 1
+3 1
+13 2
cfi=(34)
cfn=(122)
calls=1 +11 
* 5
+3 7
-14 6
cfi=(37)
cfn=(112)
calls=1 -29 
* 33
* 2

fl=(25)
fn=(70)
91 55
+2 11
+1 11
+1 4
+1 4
+2 2
+1 2
+2 2
+50 2
+1 2
+10 2
+1 2
+1 2
+1 2
+1 2
+1 2
+1 2
+1 2
+1 2
+1 2
+1 2
+1 2
+1 2
+1 2
+2 37
+1 37
+1 37
+1 37
+1 37
+1 37
+1 37
+1 2
+15 7
+1 7
+1 7
+1 4
+1 4
+1 2
+1 2
+24 3
+1 3
+2 3
+3 2
+1 2
+2 2
+3 2
+1 2
+2 2

fl=(73)
fn=(276)
71 7
+3 7
+2 7
+10 7
+6 7
+1 7
+1 7
+1 7
+1 7
+1 7
+1 7
+4 7
+1 7
+3 7
+1 7
+2 7
+1 7
+1 7
+1 7
+1 7
+1 7
+2 7
+7 7
+1 7
+1 7
cfi=(74)
cfn=(278)
calls=7 -59 
* 5404
+1 7
+5 7
+1 7
+1 7
+2 7
+1 7
+1 7
+1 7
+1 7
+1 7
+1 7
+2 7
+2 7
+4 7
+3 7

fl=(9)
fn=(300)
455 56
+32 8

fn=(16) __tunables_init
369 8
-9 3
82 168
+6 54
-3 54
+3 4239
+4 108
+5 54
377 54
97 54
377 54
43 108
-1 20
+1 16
410 216
-18 1728
+6 2160
42 1728
+1 2024
-1 384
188 54
82 108
444 8

fl=(28) /usr/src/debug/glibc-2.25-123-gedcf13e25c/string/../sysdeps/x86_64/strcspn.S
fn=(80) strcspn
33 1
+7 1
+1 1
+2 1
+1 1
+1 1
+1 1
+1 33
+3 2
+7 1
+1 1
+1 1
+1 1
+2 1
+1 1
+1 1
+1 1
+2 1
+1 1
+1 1
+9 3
+12 1
+2 1
+1 1
+1 1
-4 12
+2 12
+1 12
+1 12
+2 13
+1 13
+1 13
+2 12
+1 12
+1 12
+2 12
+1 12
+1 12
+4 1
+2 1
+7 1
+4 1

fl=(13) /usr/src/debug/glibc-2.25-123-gedcf13e25c/elf/../misc/sbrk.c
fn=(28) sbrk
34 4
+8 6
+4 2
+16 5

fl=(8) /usr/src/debug/glibc-2.25-123-gedcf13e25c/elf/../sysdeps/x86/cpu-features.c
fn=(24) get_common_indeces.constprop.1
24 2
+4 4
+3 3
+4 1
-4 1
+4 1
-4 1
+3 1
+1 2
+1 4
+1 4
+1 3
+1 2
+7 2
+1 7
+7 3
+4 2
+2 4
+40 2
+4 4
+1 2
+3 1
+2 1
-2 3
+2 2
+3 2
+50 3
-99 2
+3 3
+3 1
-3 1
+3 1
+2 3
+2 2
+7 3
-5 3

fl=(1) ???
fn=(0) 0x0000000000000dd0
0 2
cfi=(2)
cfn=(2) _dl_start
calls=1 440 
0 105866
0 14
cfi=(57) /usr/src/debug/glibc-2.25-123-gedcf13e25c/elf/dl-init.c
cfn=(206) _dl_init
calls=1 80 
0 2090
0 3
cob=(5)
cfi=(67)
cfn=(240)
calls=1 0 
0 2306034441

fl=(32)
fn=(94)
24 5
+1 5
+1 5
+1 5
+1 5
+1 5
+1 5
+1 5
+1 5
+1 5
+1 5
+1 5
+1 5
+1 5
+1 5
+1 5
+1 5
+1 3
+4 3
+1 3
+1 3
+1 3
+2 3
+4 2
+1 2
+1 2
+1 2
+1 2
+1 2
+1 2
+1 2
+1 2
+1 2
+1 2
+1 2
+1 2
+1 2
+1 2
+1 2
+1 2
+1 2
+1 2
+1 2
+1 2
+1 2
+1 2
+1 2
+52 2
+4 2
+1 2
+1 2
+1 2
+2 2

fl=(18)
fn=(44)
56 75
+11 36
+3 18
-3 18
+3 36
-3 2
+3 1
-3 1
+3 74
-15 3
+20 4
+1 2
+2 1
+1 8
cfi=(37)
cfn=(112)
calls=1 -46 
* 33
+2 2
+2 3
+2 1
+3 1
-3 2
+4 1
+2 5
-2 18
-1 18
+3 36
-29 1
-1 1
+1 1
+1 2
-2 2

fn=(40)
98 8
+8 8
-1 16
-3 8
+4 16
+3 8
cob=(2)
cfi=(17)
cfn=(42)
calls=8 0 
* 216

fl=(79)
fn=(294)
167 5
+4 6
+1 4
+1 12
+1 2
-2 6
+5 2
+4 7

fl=(6)
fn=(166)
810 980
572 98
810 490
572 294
-1 196
+2 98
-1 98
+1 294
-1 294
+1 1188
-1 1188
+1 3564
-1 3662
813 98
-1 98
+4 98
+4 98
-8 98
+1 98
+7 380
+5 294
+6 294
-7 784
+15 5
-8 30
+2 1274
cfn=(168) do_lookup_x
calls=98 355 
* 35248
+3 387
+26 196
+22 651
+31 93
+9 372
+14 279
+3 372
+5 93
+2 882
-84 30
+15 5
+1 10
+59 2

fn=(168)
355 686
+1 98
-1 588
+6 196
+12 98
+30 98
-41 98
+41 98
+35 196
-65 490
+14 906
+8 604
+1 906
+3 302
+1 604
+4 604
+3 604
-5 302
+5 906
+3 2114
-99 209
557 1540
+1 126
cfi=(31)
cfn=(92)
calls=42 288 
* 3150
* 168
+3 633
366 608
+3 608
+4 620
+4 604
+4 604
fi=(48) /usr/src/debug/glibc-2.25-123-gedcf13e25c/elf/../sysdeps/generic/ldsodefs.h
101 279
fe=(6)
520 186
+3 700
-60 14
+64 33
+12 558
+2 93
+24 784
-1 10
414 300
-1 200
+2 200
+2 100
107 300
392 100
107 100
391 100
107 100
417 200
107 200
430 315
-10 990
+2 372
+2 186
-1 279
95 651
+12 465
+3 321
cfi=(20)
cfn=(54)
calls=27 +34 
* 1200
* 81
+5 93
-1 93
+1 93
+2 184
+19 92
+1 828
469 930
165 2
+2 5
+30 49
-59 460
cfi=(20)
cfn=(54)
calls=92 +6 
* 3174
* 460

fn=(10)
959 12
+4 4
+4 8
+2 4
-1 4
+3 12
+1 4
+1 4
+3 4
-3 4
+7 4
-4 4
-1 4
+3 4
+2 4
-7 4
+7 4
+1 4

fl=(10) /usr/src/debug/glibc-2.25-123-gedcf13e25c/elf/../sysdeps/unix/sysv/linux/dl-sysdep.c
fn=(60) _dl_discover_osversion
45 4
+2 3
+85 5
-45 3
cfi=(22) /usr/src/debug/glibc-2.25-123-gedcf13e25c/posix/../sysdeps/unix/syscall-template.S
cfn=(62) uname
calls=1 -3 
* 5
* 1
+15 1
-15 1
+20 1
-1 1
+3 12
+4 3
-2 6
+2 10
+2 1
+1 2
-3 4
+7 3
-1 3
+4 3
-2 3
+2 10
+5 2

fl=(45) /usr/src/debug/glibc-2.25-123-gedcf13e25c/malloc/scratch_buffer_set_array_size.c
fn=(140) __libc_scratch_buffer_set_array_size
30 2
-4 4
+4 2
-3 2
-1 2
+4 2
-4 2
+1 2
+4 4
+10 2
+1 2
-1 2
+18 8

fl=(33)
fn=(98)
40 8
+1 2
cfi=(12)
cfn=(26)
calls=2 +25 
* 68
* 2
+1 4
cob=(2)
cfi=(17)
cfn=(42)
calls=2 -42 
* 38
+2 4
+4 2
-1 4
+1 4
-1 4
cfi=(19)
cfn=(46)
calls=2 +84 
* 28

fl=(2)
fn=(88)
583 1
+2 1
-2 1
+3 2
-1 3
+1 3
cfi=(23)
cfn=(90)
calls=1 1897 
* 2128
* 1
+2 2

fn=(52)
785 5
+1 5

fn=(78) handle_ld_preload
832 8
+1 1
-1 1
-75 1
+86 1
-86 4
+80 2
+3 3
cfi=(28)
cfn=(80)
calls=1 33 
* 223
* 1
+1 3
+9 1
121 1
852 2
121 2
854 2
-97 5
-10 1
+4 1
+1 1
+1 1
+2 1
+2 1
cob=(2)
cfi=(17)
cfn=(82)
calls=1 0 
* 2202
+1 3
+8 4
+71 2
+21 9
-15 4
cfi=(19)
cfn=(46)
calls=1 131 
* 18
+1 2

fn=(2)
440 9
+18 4
fi=(3)
45 1
fe=(2)
458 1
fi=(5)
59 3
fi=(3)
-14 1
fe=(2)
484 1
-3 1
fi=(3)
45 1
+25 2
-3 1
-7 1
+5 1
+3 1
+2 1
-6 1
+3 1
-3 2
-3 20
+10 5
-26 15
+16 11
+10 11
-26 33
+26 1
-26 3
+2 34
+13 24
+2 4
+16 2
+20 4
+1 4
+1 4
+1 4
+2 4
+5 3
+1 4
+1 4
+6 3
+12 3
+1 3
+8 5
+2 3
+3 2
+1 2
fe=(2)
495 2
389 1
502 1
389 1
cfi=(6)
cfn=(10)
calls=1 959 
* 23
+1 2
+1 2
+1 2
+1 2
+8 1
+9 1
-9 3
+9 1
-6 1
-3 1
+9 1
cfi=(7) /usr/src/debug/glibc-2.25-123-gedcf13e25c/elf/../elf/dl-sysdep.c
cfn=(12) _dl_sysdep_start
calls=1 88 
* 105058
* 1
+9 4
+3 1
+4 1
-4 1
+4 1
527 9
-27 16
fi=(4) /usr/src/debug/glibc-2.25-123-gedcf13e25c/elf/do-rel.h
84 1
+27 1
-28 1
+28 2
+1 2
fi=(5)
539 2
fi=(4)
112 46
fi=(5)
539 46
+1 24
fi=(4)
111 24
fi=(5)
540 24
fi=(4)
111 24
fi=(5)
540 24
fi=(4)
111 24
+5 2
+8 1
fi=(5)
334 1
+87 1
fi=(4)
124 2
+12 1
+3 1
-3 1
+3 1
-3 1
fi=(5)
300 1
fi=(4)
137 1
fi=(5)
300 1
fi=(4)
137 1
fi=(5)
300 1
fi=(4)
136 6
+3 6
-3 6
+3 6
-3 6
fi=(5)
300 6
fi=(4)
137 6
fi=(5)
300 6
fi=(4)
137 6
fi=(5)
300 6
+9 21
+3 7
-3 14
+3 21
+22 42
fi=(3)
65 4
fi=(4)
+59 22
fi=(5)
353 21
fi=(3)
68 4
+1 1
+1 2
fe=(2)

fn=(152) init_tls
682 1
-6 1
+2 2
+4 1
+10 4
cob=(2)
cfi=(17)
cfn=(38)
calls=1 0 
* 28
+11 1
-15 1
+3 1
+6 1
+2 1
-11 1
+15 1
+2 1
-1 1
+1 15
+2 8
+4 1
+2 1
-2 1
-5 8
+9 2
+3 1
cfi=(27)
cfn=(154)
calls=1 144 
* 66
+7 1
cfi=(27)
cfn=(156)
calls=1 338 
* 375
+1 1
-1 1
+1 1
+6 1
+3 1
-3 1
+3 6
+3 1
+2 1
+1 3

fn=(30) dl_main
865 1
+17 1
-17 10
+17 1
+4 1
2458 1
865 1
+21 1
+1 1
2453 1
887 1
+5 1
2458 1
892 1
2451 2
+7 3
-4 1
+4 3
+2 2
cfi=(14) /usr/src/debug/glibc-2.25-123-gedcf13e25c/elf/dl-environ.c
cfn=(32) _dl_next_ld_env_entry
calls=1 30 
* 346
* 2
cfi=(14)
cfn=(32)
calls=1 30 
* 6
* 6
+4 3
-2 1
+2 16
+1 7
-1 21
+3 2
+6 7
2621 3
+32 3
900 2
-2 1
+2 1
1138 1
-3 1
-5 1
+1 1
+2 1
+5 5
+56 2
871 1
1157 1
+22 1
+15 2
-55 24
-1 27
+1 47
1241 3
+3 2
+2 2
+2 3
+13 3
+1 7
cfi=(20)
cfn=(54)
calls=1 144 
* 42
* 2
+7 1
+3 1
-5 1
+3 1
-3 1
+5 1
+1 2
+4 2
+2 2
fi=(3)
30 1
+9 2
+6 1
-2 1
+2 2
+15 1
+5 1
+3 1
+2 1
-3 1
-3 1
-3 1
-14 46
+13 16
+1 12
+10 3
-26 9
+16 19
+10 19
-26 57
+26 1
-26 3
+33 3
+38 3
+5 2
+7 2
+1 3
+16 3
+14 3
+18 2
fe=(2)
1284 2
cfi=(6)
cfn=(10)
calls=1 959 
* 23
+3 2
fi=(21) /usr/src/debug/glibc-2.25-123-gedcf13e25c/elf/setup-vdso.h
24 2
fe=(2)
2494 2
+7 4
cfi=(15) /usr/src/debug/glibc-2.25-123-gedcf13e25c/string/../sysdeps/x86_64/memcmp.S
cfn=(34) bcmp
calls=1 24 
* 36
* 2
+2 3
1309 1
cfi=(10)
cfn=(60)
calls=1 45 
* 87
* 9
1143 3
+1 1
+14 2
+9 1
-7 1
-3 1
+10 1
+18 2
-37 3
+1 1
fi=(3)
62 4
+3 4
fe=(2)
1303 5
1099 7
cfi=(16)
cfn=(36)
calls=1 61 
* 230
+2 1
-2 1
+2 1
+1 1
+1 1
+5 2
-5 1
+1 2
+4 1
cfi=(16)
cfn=(48)
calls=1 32 
* 33
+1 3
874 2
1194 2
-1 2
+1 4
-1 2
+2 4
+1 1
+3 2
+1 2
-1 2
+1 2
+1 2
+1 6
+1 2
+31 2
+1 2
+1 1
-6 2
+1 1
fi=(3)
68 4
+1 1
+1 3
fe=(2)
1314 2
cfi=(23)
cfn=(64)
calls=1 678 
* 515
+3 3
cfi=(26)
cfn=(72)
calls=1 50 
* 17
+7 1
-7 1
+2 1
+5 1
+3 3
+1 1
+3 1
-3 3
+1 2
+3 1
+5 1
-7 1
+7 1
+1 5
+17 2
+1 2
+5 1
-3 3
+2 1
+1 2
+5 2
+1 5
-1 2
+3 2
+1 2
+5 2
+6 4
+1 1
-2 1
880 1
1382 1
1561 1
cfi=(27)
cfn=(74)
calls=1 115 
* 4
* 1
+8 3
+3 2
+4 3
+5 2
+1 1
cfi=(26)
cfn=(76)
calls=1 75 
* 1
+1 1
+4 2
+15 3
+4 1
-2 1
+2 2
+2 3
+1 1
-1 2
+1 1
cfn=(78)
calls=1 832 
* 2511
* 1
+1 4
+2 2
+10 3
cfi=(41) /usr/src/debug/glibc-2.25-123-gedcf13e25c/io/../sysdeps/unix/sysv/linux/access.c
cfn=(124) access
calls=1 42 
* 9
* 2
+77 1
-96 1
+96 3
+17 3
+1 1
-1 1
+1 2
-1 1
+1 5
cfi=(42)
cfn=(126) _dl_map_object_deps
calls=1 162 
* 5806
+1 4
+5 1
-3 2
+3 2
+1 7
-1 2
+1 9
-1 6
+4 3
+1 3
+1 1
+2 2
+1 5
-1 4
+1 6
-1 6
+47 2
+2 2
-1 1
-1 2
+2 4
cfi=(29)
cfn=(142)
calls=1 217 
* 2670
+10 1
+1 1
-1 1
+1 1
+1 1
cfn=(152)
calls=1 682 
* 542
* 1
+2 2
794 1
fi=(104) /usr/src/debug/glibc-2.25-123-gedcf13e25c/elf/../sysdeps/unix/sysv/linux/dl-osinfo.h
64 2
fe=(2)
796 1
fi=(104)
77 1
fe=(2)
805 1
+7 1
-5 1
1799 2
2029 3
2199 4
+2 1
+5 3
cfi=(27)
cfn=(196)
calls=1 444 
* 146
+3 2
-59 3
+7 1
+2 3
+1 1
-1 2
+2 10
+2 4
-2 8
+2 4
+5 8
+2 8
+6 4
+2 8
+1 24
cfi=(47) /usr/src/debug/glibc-2.25-123-gedcf13e25c/elf/dl-reloc.c
cfn=(158) _dl_relocate_object
calls=3 149 
* 72234
+4 10
+1 2
cfi=(27)
cfn=(194)
calls=1 896 
* 20
* 1
-12 1
+1 1
-3 2
+16 4
+2 2
+6 1
-6 1
+6 1
2085 1
+11 1
-7 1
-4 1
+8 1
-4 1
+4 1
+3 1
1744 1
+1 1
-1 2
+1 1
+2 1
+2 3
+2 1
-4 1
+4 2
+14 4
+1 2
+1 3
-25 2
2218 3
+2 4
+15 1
+2 1
-2 2
+3 1
-3 1
+3 1
-3 1
+3 3
cfi=(47)
cfn=(158)
calls=1 149 
* 4619
+1 4
+2 2
+8 1
cfi=(7)
cfn=(198) _dl_sysdep_start_cleanup
calls=1 261 
* 1
+4 2
+20 3
cfi=(26)
cfn=(72)
calls=1 50 
* 8
+1 1
-1 1
+2 1
cfi=(26)
cfn=(76)
calls=1 75 
* 1
+1 1
+4 1
cfi=(43)
cfn=(200)
calls=1 316 
* 15
+5 8
1703 5
+1 1
-1 3
+4 3
+1 1
+1 2
+1 2

fn=(50)
779 5
+1 5

fn=(144)
616 2
+2 4
cfi=(46)
cfn=(146)
calls=1 380 
* 2645
* 2
+4 2

fl=(41)
fn=(124)
42 8
+4 1

fl=(24)
fn=(66)
39 8
+2 2
-2 1
+3 3
-3 2
+11 1
-11 1
+11 2
+10 3
+87 4
+5 1
-5 2
+8 5
+2 1
+1 5
+4 1
+4 1
-4 1
+1 1
+3 2
+3 11
+5 1
-1 3
+1 1
+18 11
+1 4
cob=(2)
cfi=(17)
cfn=(42)
calls=1 0 
* 19
+1 1
-1 1
+1 3
+26 14
+3 3
+23 1
-7 4
+12 1
+1 2
-1 5
+1 6
-1 11
+5 11
+4 3
-4 6
+4 9
+1 4
-1 4
+1 8
-2 4
+1 8
-1 14
+4 4
+4 1
+1 1
-2 1
+1 1
+1 1
-2 1
+2 1
-2 1
+1 1
+1 3
+13 8
+1 1
-1 2
+3 2
-3 1
+1 1
-1 2
+3 2
+3 4
+3 9
115 2
+1 1
-1 5
225 4
cfi=(19)
cfn=(68)
calls=1 117 
* 16
* 4
cfi=(19)
cfn=(68)
calls=1 117 
* 15
+1 4
cfi=(19)
cfn=(68)
calls=1 117 
* 14
* 4
cfi=(19)
cfn=(68)
calls=1 117 
* 15
* 3

fl=(16)
fn=(48)
32 6
+2 3
-2 9
+2 6
cfi=(2)
cfn=(50)
calls=3 779 
* 6
+2 22
+3 15
+2 2
+2 2
+4 2
+4 2
-4 4
+1 2
+4 4
-4 2
+1 2
+3 2
-3 2
+2 2
cfi=(2)
cfn=(52)
calls=2 785 
* 4
-4 1
+4 1
-4 2
+1 1
+4 2
-4 1
+1 1
+3 1
-3 1
+2 1
cfi=(2)
cfn=(52)
calls=1 785 
* 2
-5 2

fn=(36)
61 36
+1 3
-1 3
+1 6
cfi=(12)
cfn=(26)
calls=3 +4 
* 66
+6 3
-6 6
+6 3
+7 3
-7 3
-6 3
+6 9
+2 6
+5 9
cob=(2)
cfi=(17)
cfn=(38)
calls=3 -75 
* 148
+3 3
-3 3
+3 3
+4 3
+5 3
-6 3
+6 3
-5 3
+5 3
-5 3
+4 3
+1 6
-1 3
+1 3
cfi=(19)
cfn=(46)
calls=3 +44 
* 41
+10 3
-10 3
+10 3
-10 3
+10 3
-8 3
+8 6
+1 3
-1 3
+1 9
+3 3
-3 3
+3 3
+9 3
-7 3
+4 3
+3 8
+2 2
-2 2
+2 30
-2 30
+18 6
-6 3
+1 3
+5 3
-6 3
+6 9
+2 2
+3 2
-3 4
+3 2
+4 6
+4 5
+8 1
+3 1
+3 2
-3 1
+3 1
-3 2
+3 4
-3 2
+3 2
+2 2
+21 2
-21 2
cfi=(12)
cfn=(26)
calls=2 -91 
* 68
+4 2
-4 4
+17 2
-13 6
+64 2
+4 27
102 8
+39 6
+70 6
cfi=(19)
cfn=(68)
calls=2 -94 
* 32
* 42
+6 40
-1 40
+1 42
-1 2
+1 6
+5 4
-96 1
+7 4
+32 4
cob=(2)
cfi=(17)
cfn=(42)
calls=2 0 
* 38
+1 2
-1 4
+1 2

fl=(30)
fn=(86)
26 3
+9 3
+1 6
+1 3
+4 3
+1 3
+1 3
+1 3
+1 3
+2 6
+2 3
+1 3
+1 3
+2 6
+2 3
+4 3
+1 3

fl=(19)
fn=(68)
117 7
+1 7
+1 7
+14 7
+1 7
+1 3
+1 3
+5 2
+1 2
+1 2
+1 2
+5 2
260 4
+1 4
+1 4
+1 4
+1 3
+1 3
+1 2
+1 2
+1 2
+2 2
+29 1
+1 1
+1 1
+1 1
+1 1
+3 1
+1 1
+1 1
+1 1
+1 1
+10 1
+1 1
+1 1
+1 1
+22 1
+1 1
+1 1
+1 1
+1 1
+1 1
+1 1
+1 1
+2 1

fn=(46)
131 14
+2 14
+1 14
+1 8
+1 8
+5 5
+1 5
+1 5
+1 5
+5 5
260 6
+1 6
+1 1
+1 1
+1 1
+1 1
+1 1
+1 1
+1 1
+2 1
+22 5
+1 5
+1 5
+1 5
+1 5
+24 3
+1 3
+1 3
+1 3
+22 3
+1 3
+1 3
+1 3
+1 3
+1 3
+1 3
+1 3
+2 3

fl=(7)
fn=(12)
88 8
+25 1
-1 1
+1 172
+6 1
-3 1
+1 1
-4 1
+3 1
+3 4
+1 2
-1 12
-29 1
-1 10
+30 2
+1 108
+3 1
-4 74
+62 1
-62 1
+63 1
-1 1
-62 3
+34 1
-34 2
+35 1
-35 2
+46 1
-46 1
+47 1
-1 1
-46 3
+40 1
-40 1
+41 1
-1 1
-40 3
+37 1
-37 2
+38 1
-38 3
+13 1
-13 2
+14 1
-14 2
+10 1
-10 2
+11 1
-11 2
+7 1
-7 4
224 1
cfi=(9)
cfn=(16)
calls=1 369 
* 13404
fi=(10)
35 2
cfi=(11) /usr/src/debug/glibc-2.25-123-gedcf13e25c/elf/../sysdeps/unix/sysv/linux/x86_64/brk.c
cfn=(20) brk
calls=1 -4 
* 11
fi=(5)
225 5
fi=(8)
-44 1
-12 1
+1 1
+11 1
+3 1
-3 1
+3 5
352 3
+1 1
+3 2
+1 1
fe=(7)
235 1
fi=(8)
363 1
+1 1
+1 1
fe=(7)
235 2
+1 1
cfi=(12)
cfn=(26)
calls=1 66 
* 32
* 1
+2 2
cfi=(13)
cfn=(28)
calls=1 34 
* 17
* 3
+12 3
+3 5
cfi=(2)
cfn=(30)
calls=1 865 
* 90961
+2 9
fi=(8)
-65 5
cfn=(24)
calls=1 24 
* 86
+3 3
+98 4
+7 4
188 1
298 4
196 2
-1 3
+1 1
+1 7
+85 3
-79 2
fe=(7)

fn=(198)
261 1

fl=(12)
fn=(26)
66 10
+1 10
+1 10
+1 10
+1 10
+1 10
+1 10
+2 10
+2 10
+30 9
+1 9
+1 9
+1 9
+1 9
+1 3
+1 3
+4 6
+1 6
+1 6
+1 6
+1 6
+1 6
+1 6
+1 6
+1 6
+1 6
+1 6
+1 6
+5 48
+4 1
+1 14
+1 8

fl=(11)
fn=(20)
31 7
+8 1
-6 2
+7 1

fl=(47)
fn=(158)
149 40
+15 4
-15 8
+15 4
+1 20
+6 12
+6 16
+1 8
-19 4
+22 4
+7 4
-32 4
+32 4
+44 4
fi=(5)
76 4
fe=(47)
232 8
fi=(5)
76 10
fe=(47)
259 135
-99 2
fi=(5)
480 6
fe=(47)
160 4
+99 2
fi=(4)
48 2
fe=(47)
259 2
fi=(4)
47 2
+11 2
-11 2
+11 2
-11 2
+11 2
fe=(47)
259 2
-99 2
fi=(5)
480 6
fe=(47)
160 4
+99 2
fi=(4)
48 2
fe=(47)
259 2
fi=(4)
47 2
+11 2
-11 2
+11 2
-11 2
+11 2
fe=(47)
259 4
fi=(4)
48 4
fe=(47)
259 4
fi=(4)
47 4
+11 4
-11 4
+11 4
-11 4
+11 4
+26 6
+14 12
-15 12
+3 24
+12 6
+10 10
+10 18
+6 5
-3 10
+3 5
fi=(5)
490 3
fi=(4)
51 3
fi=(5)
490 3
fi=(4)
50 6
+77 448
+12 208
-3 312
fi=(5)
275 104
fi=(4)
139 104
-2 104
-1 104
+1 104
+1 104
-1 208
fi=(5)
275 104
+21 208
+4 208
+7 416
fi=(48)
101 267
fi=(5)
307 1810
fi=(4)
138 84
fi=(5)
307 168
fi=(4)
138 84
fi=(5)
307 84
fi=(4)
138 84
fi=(5)
307 168
fi=(4)
138 2
fi=(5)
307 4
fi=(4)
138 2
fi=(5)
307 2
fi=(4)
138 2
fi=(5)
307 1036
cfi=(6)
cfn=(166)
calls=86 810 
* 47466
* 516
+2 267
+25 624
fi=(4)
74 4
+1 16
fe=(47)
259 16
+3 16
+24 4
+3 8
+17 12
+8 20
+3 4
-3 4
+3 4
+4 8
+1 12
cfi=(39)
cfn=(116)
calls=4 84 
* 20
* 8
-14 32
fi=(5)
131 9
457 348
fi=(4)
124 336
+19 15
+1 3
fi=(5)
307 6
fi=(4)
145 24
+3 16
+4 16
-1 8
-3 8
+1 8
+1 8
-1 16
fi=(5)
307 32
513 8
fi=(4)
144 8
fi=(5)
513 8
+1 8
cob=(3)
cfi=(56)
cfn=(192)
calls=1 29 
* 13
cob=(3)
cfi=(55)
cfn=(188)
calls=1 42 
* 77
cob=(3)
cfi=(54)
cfn=(186)
calls=1 30 
* 6
cob=(3)
cfi=(53)
cfn=(184)
calls=1 45 
* 6
cob=(3)
cfi=(49)
cfn=(182)
calls=1 129 
* 5
cob=(3)
cfi=(53)
cfn=(180)
calls=1 45 
* 6
cob=(3)
cfi=(50)
cfn=(174)
calls=1 43 
* 77
cob=(3)
cfi=(49)
cfn=(172)
calls=1 109 
* 5
fi=(4)
144 8
fi=(5)
515 8
fi=(4)
144 10
fi=(5)
429 45
+4 60
+5 15
+9 15
-9 30
+9 30
+49 6
+4 12
cfi=(19)
cfn=(46)
calls=2 131 
* 20
+2 6
+1 2
307 16
+5 32
-5 30
+5 15
-3 30
+3 133
-3 176
+3 264
fi=(4)
129 30
fi=(5)
307 6
fi=(4)
129 3
-68 4
-10 2
-1 4
fi=(5)
550 26
+4 26
+2 39
+1 13
fi=(4)
61 39
+2 52
+48 10
fi=(5)
540 1192
fi=(4)
111 1192
fi=(5)
540 1192
fi=(4)
111 1192
fi=(5)
540 1192
fi=(4)
111 1192
fi=(5)
534 1192
fi=(4)
112 2384
fi=(5)
534 2384
+5 2384
fi=(4)
50 1
160 1
51 1
160 4
+2 20
+9 10
-1 5
+1 5
-1 10
fi=(5)
275 5
fi=(4)
170 15
fi=(5)
275 5
+21 10
+4 10
+7 20
fi=(48)
101 15
fi=(5)
307 170
cfi=(6)
cfn=(166)
calls=5 810 
* 2382
* 35
+2 15
+25 30
fe=(47)
-75 5
fi=(5)
82 4
+4 6
+14 2
-8 2
+8 4
+20 4
+4 8
-2 4
457 20
fi=(4)
160 17
+14 2
fi=(5)
312 1
-3 2
+3 3
-5 87
fe=(47)
181 6
fi=(5)
307 6
fe=(47)

fl=(42)
fn=(126)
162 1
-1 1
+1 1
-1 4
+1 1
-1 3
+1 1
-1 2
+1 1
-1 2
+1 1
-9 1
+9 2
-15 1
+6 3
+26 1
-17 1
-17 1
+1 1
+1 1
+6 1
+26 2
-30 2
-2 1
+33 1
-35 3
+2 2
-1 1
+1 2
+6 3
+26 1
-26 1
+26 7
+4 1
fi=(44) /usr/src/debug/glibc-2.25-123-gedcf13e25c/elf/../include/scratch_buffer.h
78 1
+1 1
fe=(42)
203 1
+1 1
fi=(44)
78 4
fe=(42)
201 2
+3 1
-3 2
+12 1
+4 4
-4 3
+4 12
+11 12
+2 4
+6 2
-6 2
+6 2
+1 2
+4 2
-4 2
+1 2
+3 2
-6 2
+3 2
+3 6
-31 2
+31 2
+75 6
-68 10
cfi=(32)
cfn=(94)
calls=2 24 
* 70
* 4
+5 10
-3 2
+3 2
cob=(2)
cfi=(17)
cfn=(82)
calls=2 0 
* 4485
+2 6
+15 2
+2 4
+5 2
+6 2
+2 2
-8 4
+3 2
+1 2
+1 2
+1 2
+4 10
+4 4
+1 3
-51 196
+1 98
+52 141
458 4
+2 6
+3 4
-1 2
cob=(2)
cfi=(17)
cfn=(42)
calls=2 0 
* 38
+2 2
-2 2
+2 2
+6 2
+1 8
-1 2
+1 2
cfi=(19)
cfn=(46)
calls=2 131 
* 20
+1 10
cfi=(19)
cfn=(46)
calls=2 131 
* 20
+4 2
-1 2
+5 28
fi=(44)
86 5
fe=(42)
489 6
+4 5
+11 2
-1 1
cob=(2)
cfi=(17)
cfn=(42)
calls=1 0 
* 19
+3 1
-3 1
+3 2
+5 6
+1 2
+2 3
+6 2
+4 3
-10 6
+6 6
+4 9
-10 10
+13 2
+51 3
+2 8
+42 1
-4 1
+5 1
-2 2
+1 7
+1 1
cfi=(25)
cfn=(70)
calls=1 91 
* 13
* 10
+11 1
-7 1
+7 1
-7 1
+1 1
-1 1
+1 2
+6 1
-11 2
+11 2
-7 2
+7 2
-7 2
+1 2
-1 2
+1 4
+6 4
+2 4
+1 4
-1 2
+1 3
+2 9
+1 6
+28 12
cfi=(25)
cfn=(70)
calls=2 91 
* 32
* 8
228 8
-18 2
458 5
662 6
-28 6
+31 14
-6 1
+16 3
+2 1
+1 1
-1 1
+2 3
+7 3
+3 3
+3 8
490 2
218 25
fi=(44)
-86 2
fe=(42)
+89 2
fi=(44)
-89 4
cfi=(45)
cfn=(140)
calls=2 30 
* 36
fe=(42)
+89 4
+4 4
483 9
-1 4
+1 10
202 2
615 4
cfi=(19)
cfn=(46)
calls=1 131 
* 10
+2 2
-38 2
+23 6

fn=(128)
61 4
+7 2
-4 6
+1 2
-1 2
+1 2
-1 10
cfi=(23)
cfn=(90)
calls=2 1897 
* 4331
* 2
+5 4

fl=(14)
fn=(32)
30 2
+3 7
+13 53
-13 159
+2 108
+1 18
+5 1
-3 1
+3 1
+2 1
+7 1

fl=(15)
fn=(34)
24 1
+1 1
+1 1
+1 1
+1 1
+1 1
+1 1
+1 1
+3 1
+1 1
+1 1
+1 1
+1 1
+1 1
+1 1
+1 1
+1 1
+2 1
+1 1
+1 1
+1 1
+1 1
+1 1
+1 1
+1 1
+1 1
+2 1
+1 1
+1 1
+1 1
+1 1
+1 1
+39 1
+1 1
+15 1
+1 1

fl=(22)
fn=(62)
84 4
+1 1

fl=(20)
fn=(54)
144 242
+1 242
+2 242
+1 242
+21 242
+1 242
+1 204
+1 204
+1 190
+1 190
+1 190
+1 190
+21 190
+1 190
+1 190
+1 190
+1 190
+1 190
+1 190
+5 3
+1 3
+9 3
+1 3
+1 3
+1 3
+1 3
+1 3
+1 3
+1 3
-7 52
+1 52
+1 52
+1 52
+1 52
+1 52
+1 52
+1 52
+1 53
+1 20
+1 20
+1 20
+2 20
+1 20
+1 20
+1 20
+1 20
+1 20
-5 33
+1 33
+1 33
+1 33
+1 33
+1 33
+10 2
+1 2
+1 2
+2 2
+6 2
+1 2
+1 2
+1 2
+1 2
+5 2
571 1
+1 1
+1 1
+1 1
+1 1
+2 1
+1 1
+1 1
+1 1
+1 1
+1 1
+1 1
+1 1
+4 1
+1 1
+1 1
+6 1
+1 1
+1 2
+4 1
+1 1
+3 1
+1 1
+1 1
+3 1
+1 1
+1 1
+6 1
+1 1
+1 1
+1 1
+1 1
+1 1
+72 1
+1 1
+1 1
+1 1
+1 1
+2 1
+1 1
+1 1
+1 1
+1 1
+1 1
+1 1
+1 1
+4 1
+1 1
+1 1
+6 1
+1 1
+1 2
+4 1
+1 1
+3 1
+1 1
+1 1
+3 1
+1 1
+1 1
+6 1
+1 1
+1 1
+1 1
+1 1
+1 1
946 3
+1 3
+1 3
+1 3
+1 3
+2 3
+1 3
+1 3
+1 3
+1 3
+1 3
+1 3
+1 2
+4 2
+1 2
+1 2
+6 2
+1 2
+1 4
+4 2
+1 2
+3 2
+1 2
+1 2
+3 2
+1 2
+1 2
+6 2
+1 2
+1 2
+1 2
+1 2
+1 2
+72 13
+1 13
+1 13
+1 13
+1 13
+2 13
+1 13
+1 13
+1 13
+1 13
+1 13
+1 13
+1 11
+4 11
+1 11
+1 11
+6 11
+1 11
+1 22
+4 11
+1 11
+3 11
+1 11
+1 11
+3 11
+1 11
+1 11
+6 11
+1 11
+1 11
+1 11
+1 11
+1 11
+72 2
+1 2
+1 2
+1 2
+1 2
+2 2
+1 2
+1 2
+1 2
+1 2
+1 2
+1 2
1321 1
+1 1
+1 1
+1 1
+1 1
+2 1
+1 1
+1 1
+1 1
+1 1
+1 1
+1 1
1571 1
+1 1
+1 1
+1 1
+1 1
+2 1
+1 1
+1 1
+1 1
+1 1
+1 1
+1 1
+1 1
+4 1
+1 1
+1 1
+6 1
+1 1
+1 2
+4 1
+1 1
+3 1
+1 1
+1 1
+3 1
+1 1
+1 1
+6 1
+1 1
+1 1
+1 1
+1 1
+1 1
+72 15
+1 15
+1 15
+1 15
+1 15
+2 15
+1 15
+1 15
+1 15
+1 15
+1 15
+1 15
+1 14
+4 14
+1 14
+1 14
+6 14
+1 14
+1 28
+4 14
+1 14
+3 14
+1 14
+1 14
+3 14
+1 14
+1 14
+6 14
+1 14
+1 14
+1 14
+1 14
+1 14
+72 5
+1 5
+1 5
+1 5
+1 5
+2 5
+1 5
+1 5
+1 5
+1 5
+1 5
+1 5
+1 1
+4 1
+1 1
+1 1
+6 1
+1 1
+1 2
+4 1
+1 1
+3 1
+1 1
+1 1
+3 1
+1 1
+1 1
+6 1
+1 1
+1 1
+1 1
+1 1
+1 1
+72 7
+1 7
+1 7
+1 7
+1 7
+2 7
+1 7
+1 7
+1 7
+1 7
+1 7
+1 7
+1 5
+4 5
+1 5
+1 5
+6 5
+1 5
+1 10
+4 5
+1 5
+3 5
+1 5
+1 5
+3 5
+1 5
+1 5
+6 5
+1 5
+1 5
+1 5
+1 5
+1 5
+72 4
+1 4
+1 4
+1 4
+1 4
+2 4
+1 4
+1 4
+1 4
+1 4
+1 4
+1 4
+2 1
+4 1
+1 1
+1 1
+6 1
+1 1
+2 2
+4 1
+1 1
+3 1
+1 1
+1 1
+3 1
+1 1
+1 1
+6 1
+1 1
+1 1
+1 1
+1 1
+1 1
+74 37
+2 37
+1 37
+1 37
+1 37
-3 18
+1 18
+1 18
+1 18
+1 60
+5 20
+6 20
+1 20
+8 20
+1 20
-16 222
+6 222
+1 222
+8 222
+1 222

fl=(39)
fn=(116)
84 24
+1 6

fn=(202)
84 4
+1 1

fl=(57)
fn=(206)
80 11
+5 1
-4 1
+1 1
+3 2
+8 2
+25 2
+1 12
+1 12
-90 12
+9 3
-3 6
+3 9
+5 6
+5 2
+9 6
cob=(3)
cfi=(59)
cfn=(218)
calls=1 -6 
* 200
* 1
+4 2
+6 2
+2 2
-2 1
+3 1
-1 1
+1 5
+1 4
cob=(3)
cfi=(65)
cfn=(230)
calls=1 481 
* 1689
* 1
-1 2
+48 3
+4 2
+1 8
-79 3
-5 3
-10 3
+58 2
-49 1
-3 2
+3 3
+5 3
+5 2
+9 7
cob=(2)
cfi=(17)
cfn=(208)
calls=1 -58 
* 6
* 1
+3 1
+1 2
+6 1
+2 2
-2 2
+3 8
+1 4
cob=(4)
cfi=(58)
cfn=(212) 0x0000000000000640
calls=1 -72 
* 17
-1 5

ob=(4)
fl=(58)
fn=(424)
0 8
cob=(2)
cfi=(17)
cfn=(430)
calls=1 0 
0 63
0 1
cfn=(438) 0x0000000000000570
calls=1 0 
0 8
0 3

fn=(212)
0 17

fn=(438)
0 8

totals: 2306142416
