# callgrind format
version: 1
creator: callgrind-3.13.0
pid: 19286
cmd:  ./a.out q 5 8ll
part: 1


desc: I1 cache: 
desc: D1 cache: 
desc: LL cache: 

desc: Timerange: Basic block 0 - 11005589
desc: Trigger: Program termination

positions: line
events: Ir
summary: 134985384


ob=(4) /usr/lib64/valgrind/vgpreload_core-amd64-linux.so
fl=(58) ???
fn=(212) 0x0000000000000640
0 17

ob=(3) /usr/lib64/libc-2.25.so
fl=(71) /usr/src/debug/glibc-2.25-123-gedcf13e25c/setjmp/../sysdeps/x86_64/setjmp.S
fn=(262) __sigsetjmp
26 1
+9 1
+1 2
+1 1
+4 1
+1 1
+1 1
+1 1
+1 1
+2 2
+2 1
+1 1
+1 1
+2 2
+2 1
+8 1
cfi=(72) /usr/src/debug/glibc-2.25-123-gedcf13e25c/setjmp/sigjmp.c
cfn=(264) __sigjmp_save
calls=1 -34 
* 8

fl=(68) /usr/src/debug/glibc-2.25-123-gedcf13e25c/csu/../csu/libc-start.c
fn=(242) (below main)
133 8
+4 1
-4 2
+4 7
+87 1
-87 1
+87 1
+1 4
cfi=(69) /usr/src/debug/glibc-2.25-123-gedcf13e25c/stdlib/cxa_atexit.c
cfn=(244) __cxa_atexit
calls=1 57 
* 60
+22 4
+3 2
+1 5
cob=(5) /home/classes/cs223/class/rosand.benjamin.br384/Hwk3/a.out
cfi=(67) ???
cfn=(248) __libc_csu_init
calls=1 0 
* 56
+4 4
+15 2
+12 2
cfi=(70) /usr/src/debug/glibc-2.25-123-gedcf13e25c/setjmp/../sysdeps/x86_64/bsd-_setjmp.S
cfn=(260) _setjmp
calls=1 30 
* 29
+1 2
+5 2
+1 2
+3 2
+3 6
cob=(5)
cfi=(67)
cfn=(266) main
calls=1 0 
* 134877195

fl=(59) /usr/src/debug/glibc-2.25-123-gedcf13e25c/csu/../csu/init-first.c
fn=(218) _init
52 8
+6 6
+14 1
fi=(60) /usr/src/debug/glibc-2.25-123-gedcf13e25c/csu/../sysdeps/generic/dl-hash.h
-28 1
fe=(59)
+26 1
+1 1
fi=(60)
-26 1
fe=(59)
+27 1
fi=(61) /usr/src/debug/glibc-2.25-123-gedcf13e25c/csu/../sysdeps/unix/sysv/linux/x86_64/init-first.c
-36 4
fi=(60)
+7 1
+5 3
+14 4
-17 3
+3 9
+14 12
-17 9
+22 1
fi=(61)
-31 2
+2 2
-2 1
+2 2
cfi=(52) /usr/src/debug/glibc-2.25-123-gedcf13e25c/elf/../sysdeps/unix/sysv/linux/dl-vdso.c
cfn=(178) _dl_vdso_vsym
calls=1 -12 
* 17
+1 2
+1 1
+4 2
-3 2
+1 1
+2 1
cfi=(52)
cfn=(178)
calls=1 -18 
* 17
fe=(59)
+40 3
fi=(61)
-39 2
+1 1
fe=(59)
+38 1
cfi=(62) /usr/src/debug/glibc-2.25-123-gedcf13e25c/misc/init-misc.c
cfn=(224) __init_misc
calls=1 -53 
* 48
+8 1
cfi=(64) /usr/src/debug/glibc-2.25-123-gedcf13e25c/ctype/ctype-info.c
cfn=(228) __ctype_init
calls=1 -61 
* 16
+5 6
-32 1
-7 1
+7 4

fl=(77) /usr/src/debug/glibc-2.25-123-gedcf13e25c/malloc/arena.c
fn=(288) ptmalloc_init.part.2
289 7
+5 1
-5 3
+13 2
+6 2
+6 1
-6 1
+6 5
fi=(75) /usr/src/debug/glibc-2.25-123-gedcf13e25c/malloc/malloc.c
4151 2
fe=(77)
317 4
cob=(2) ???
cfi=(17) ???
cfn=(298) 0x0000000004c49ee0
calls=1 0 
* 9
+1 4
cob=(2)
cfi=(17)
cfn=(298)
calls=1 0 
* 9
+1 4
cob=(2)
cfi=(17)
cfn=(298)
calls=1 0 
* 9
+1 4
cob=(2)
cfi=(17)
cfn=(298)
calls=1 0 
* 9
+1 4
cob=(2)
cfi=(17)
cfn=(298)
calls=1 0 
* 9
+1 4
cob=(2)
cfi=(17)
cfn=(298)
calls=1 0 
* 9
+1 4
cob=(2)
cfi=(17)
cfn=(298)
calls=1 0 
* 9
+1 4
cob=(2)
cfi=(17)
cfn=(298)
calls=1 0 
* 9
+1 4
+73 2
+1 2
+4 2
-1 1
+1 9
fi=(75)
4182 3
1776 4
4151 5
1776 16
+1 12
-1 480
+1 363
+8 1
+1 1
-9 5
+11 3
fe=(77)
303 5
cfi=(78) /usr/src/debug/glibc-2.25-123-gedcf13e25c/elf/dl-addr.c
cfn=(290) _dl_addr
calls=1 127 
* 58063
* 2
+1 4

fl=(63) /usr/src/debug/glibc-2.25-123-gedcf13e25c/string/../sysdeps/x86_64/strrchr.S
fn=(226) rindex
24 1
+1 1
+1 1
+1 1
+1 1
+1 1
+1 1
+1 1
+1 1
+1 1
+1 1
+1 1
+1 1
+1 1
+1 1
+1 1
+1 1
+1 1
+1 1
+1 1
+1 1
+1 1
+1 1
+1 1

fl=(82) /usr/src/debug/glibc-2.25-123-gedcf13e25c/misc/../sysdeps/unix/sysv/linux/x86_64/brk.c
fn=(310) brk
31 680
+8 85
-6 170
+7 85

fl=(87) /usr/src/debug/glibc-2.25-123-gedcf13e25c/stdlib/../stdlib/strtol_l.c
fn=(332) ____strtol_l_internal
227 2
+48 1
-48 5
+47 1
-47 2
+26 2
+31 4
526 8
293 6
+2 2
+5 2
+5 1
-6 1
+6 1
+4 2
+10 2
+7 2
435 1
-56 1
+56 3
+16 1
+10 1
+1 1
-84 1
-1 1
+96 1
-22 2
+17 1
+5 1
+1 3
-41 2
+2 4
+2 6
+7 2
+17 2
+1 3
+3 6
+3 2
+11 2
+5 2
+6 2
329 5
-82 2
493 3
-2 2

fl=(85) /usr/src/debug/glibc-2.25-123-gedcf13e25c/stdlib/atoi.c
fn=(328) atoi
26 1
+1 3
cfi=(86) /usr/src/debug/glibc-2.25-123-gedcf13e25c/stdlib/../stdlib/strtol.c
cfn=(330) strtol
calls=1 +79 
* 111
+1 2

fl=(76) /usr/src/debug/glibc-2.25-123-gedcf13e25c/malloc/hooks.c
fn=(284) malloc_hook_ini
29 4
fi=(77)
291 1
fe=(76)
30 1
fi=(77)
291 1
fe=(76)
30 1
fi=(77)
291 1
fi=(75)
2888 12
+2 3
cfn=(302) _int_malloc
calls=1 3319 
* 410
+3 1
-3 1
+3 1
+8 4
+2 10
fe=(76)
33 5
fi=(75)
2900 1
cfi=(77)
cfn=(288)
calls=1 289 
* 59115
* 1
-15 2
fe=(76)

fl=(65) /usr/src/debug/glibc-2.25-123-gedcf13e25c/string/../sysdeps/x86/cacheinfo.c
fn=(234) intel_check_word
133 12
+6 6
-7 24
+7 30
+2 6
-2 6
+2 6
+68 12
+3 36
+39 12
141 24
+2 15
+2 30
+8 30
+51 24
+22 12
fi=(66) /usr/src/debug/glibc-2.25-123-gedcf13e25c/string/../bits/stdlib-bsearch.h
28 12
-1 12
+4 24
+1 12
fe=(65)
+89 24
fi=(66)
-90 18
+1 9
fe=(65)
+89 18
+3 81
fi=(66)
-95 192
+2 120
+1 60
fe=(65)
+89 120
+14 3
256 24
fi=(66)
37 15
-8 36
fe=(65)
165 9
+3 9
-6 13
+3 4
+9 4
+5 14
+1 10
+17 5
-32 15
+3 15
+4 14
+2 28
+2 14
+2 8
+4 3
+2 6
+2 3
+2 3
-2 3
+2 6
-2 3
+3 9
-2 12
+2 6
-24 2
+7 2
+2 4

fn=(230) init_cacheinfo
481 7
+12 4
770 3
+1 8
495 4
cfn=(232) handle_intel
calls=1 261 
* 444
+2 2
-2 1
+2 1
cfn=(232)
calls=1 261 
* 490
+5 2
-5 1
+5 1
cfn=(232)
calls=1 261 
* 517
+8 1
-8 1
+8 1
+11 1
-20 1
+25 2
+4 2
+8 6
+3 4
+6 2
-6 9
+6 6
+3 26
+14 2
+4 1
+3 1
+1 1
-4 1
+3 1
-3 1
+3 1
+6 8
-39 6
682 4
+1 4
+4 2
+60 2
+2 1
+1 1
+2 1
-3 1
+5 1
-5 1
+4 3
+4 2
+2 1
+1 1
+2 1
-3 1
+5 1
-5 1
+4 4
555 2
+4 1
+1 1
-1 3
+24 2
+8 1
+2 1
-2 6
+2 3
+4 2
-6 1
+4 6
+2 6
+3 2
+1 8
+2 4
+15 2
+3 3
+4 2
+3 1
+2 4
+1 1
+5 1
-43 2
+13 2
+5 1
+2 2
+1 1
-1 1
+2 1
-22 1
+20 1
+1 2
+27 2
+1 1
+1 2
+2 2
-1 2

fn=(232)
261 30
+2 9
+8 3
+1 3
+2 3
-5 12
+11 6
+5 3
-5 9
+5 3
+2 3
+1 3
-1 3
+5 12
cfn=(234)
calls=3 133 
* 969
+1 6
+3 15
cfn=(234)
calls=3 133 
* 320
+1 6
+17 33

fl=(49) /usr/src/debug/glibc-2.25-123-gedcf13e25c/string/../sysdeps/x86_64/multiarch/strcmp.S
fn=(172) strcasecmp
109 1
+1 1
+1 1
+1 1
+10 1

fn=(182) strncasecmp
129 1
+1 1
+1 1
+1 1
+10 1

fl=(53) /usr/src/debug/glibc-2.25-123-gedcf13e25c/string/../sysdeps/x86_64/multiarch/strcspn.S
fn=(184) strpbrk
45 1
+1 1
+1 1
+1 1
+1 1
+1 1

fn=(180) strcspn
45 1
+1 1
+1 1
+1 1
+1 1
+1 1

fl=(86)
fn=(330)
106 4
cfi=(87)
cfn=(332)
calls=1 227 
* 107

fl=(70)
fn=(260)
30 1
+2 1
cfi=(71)
cfn=(262)
calls=1 -6 
* 27

fl=(50) /usr/src/debug/glibc-2.25-123-gedcf13e25c/time/../sysdeps/unix/sysv/linux/x86/time.c
fn=(174) time
43 2
fi=(51) /usr/src/debug/glibc-2.25-123-gedcf13e25c/time/../sysdeps/generic/dl-hash.h
+1 1
+1 1
fe=(50)
-2 4
fi=(51)
+5 3
+14 4
-17 3
+3 9
+14 12
-17 9
+22 1
fe=(50)
-24 6
cfi=(52)
cfn=(178)
calls=1 -17 
* 17
* 5

fl=(72)
fn=(264)
29 1
-1 2
+1 2
+5 3

fl=(75)
fn=(304) sysmalloc
2242 462
+20 42
+11 42
-11 42
+11 42
+1 210
fi=(77)
539 126
fe=(75)
2289 42
fi=(77)
539 42
fe=(75)
2289 84
+66 42
+1 126
+10 42
-9 42
+9 416
+6 123
+3 126
2695 84
+1 42
+5 84
+3 84
+5 42
-3 42
+1 42
+2 42
-1 42
+1 84
+1 42
-1 42
+3 42
-3 126
+1 42
+8 504
2436 42
-8 84
+8 42
+21 210
cfi=(80) /usr/src/debug/glibc-2.25-123-gedcf13e25c/malloc/morecore.c
cfn=(306) __default_morecore
calls=42 46 
* 2685
* 42
+1 42
+3 168
+3 168
+1 84
+46 84
+2 84
+6 42
-6 42
+6 124
+1 247
-83 42
+10 252
+8 42
-8 42
+8 42
+67 3
2651 1
+1 1
-2 1
+1 2
+12 1
-12 1
+1 1
+11 1
2512 2
+10 4
+37 2
+6 3
+22 2
+1 5
+2 2
+1 5
cfi=(80)
cfn=(306)
calls=1 46 
* 42
+12 4
2356 3
2611 2
+1 4

fn=(350) malloc_consolidate.part.1
4128 33
+24 9
+12 3
+1 3
-11 3
5073 3
4164 3
5075 9
-2 3
+2 6
4167 6
+1 6
-1 54
+1 54
5077 6
4194 2
+4 2
-3 2
+1 2
+2 2
+5 2
+1 2
+1 2
-2 2
+12 2
-12 2
+3 4
+9 2
-41 2
-3 2
+3 4
+1 2
+1 4
+2 4
+7 4
+3 4
+4 4
+23 4
+3 120
+6 33

fn=(346) free
2911 96
+5 24
+1 24
+6 24
+5 12
-2 12
+2 24
+20 108
-2 36
+1 24
cfn=(348) _int_free
calls=12 3847 
* 1010
* 12

fn=(302)
3319 24178
+30 2198
-30 2198
+30 13185
+4 2195
-4 2195
+4 4390
+14 6585
+2 767
+2 767
-2 767
+1 767
+5 1534
+3 40
+1 8
-1 8
+1 16
+25 5584
+44 39679
+1 15780
5073 2188
+2 2188
3469 2188
5075 2188
-2 2188
+2 2188
3469 2188
5073 1
+2 1
3469 1
5075 1
-2 1
+2 1
3469 1
+67 92
+1 138
+1 46
-1 46
+53 276
+7 46
-6 46
+1 46
+1 46
+1 46
+3 46
3469 6705
+3 46
-1 46
+1 92
+1 92
+4 46
+10 182
+34 46
-5 46
+1 46
+4 46
+13 92
3353 6
+14 6
+4 3
-1 3
+5 15
+32 3
+2 3
-2 3
+2 6
-2 977
+2 977
-2 977
+2 1954
+2 4
+4 2
+1 4
+5 2
+1 2
+3 2
-2 2
+2 4
1853 2104
3811 2104
1853 4208
3489 3
-1 6
+2 2
-1 4
3606 4378
+76 4378
+1 4378
+1 4378
+1 4378
+1 4378
+5 4520
+16 569
+2 1138
-4 1314
+8 88
+3 176
+2 44
+2 44
-1 44
-1 132
-27 44
+27 44
-27 44
+4 6486
+3 5756
-3 4266
+3 3740
-3 1870
+3 2310
3798 2145
+3 2145
-2 4290
+2 4290
+17 129
4151 4
cfn=(350)
calls=1 -23 
* 184
3823 1
-1 1
+1 1
-1 1
3382 48
1853 282
3839 26376
3608 4840
+3 1210
-3 1210
+3 2420
4151 8
cfn=(350)
calls=2 -23 
* 232
* 10760
1788 7824
3833 84
cfn=(304)
calls=42 2242 
* 8139
+1 42
-1 42
+1 42
3349 17
3698 68
+2 17
+1 34
+24 132
+3 88
+5 44
-3 44
+3 44
-3 44
+3 352
+3 132
+15 42
-5 42
+6 84
+11 42
-6 42
+1 42
+1 42
+1 42
+3 42
+1 42
+1 84
+5 378
+2 126
+1 2038
3404 3908
3739 2
-1 2
+1 4
+67 2102
-3 2102
+3 2102
-2 2102
+2 8408
+2 2102
-2 2102
-1 2102
+1 4204
+2 4204
+25 84

fn=(348)
3847 144
+13 12
-13 12
+13 24
+6 48
+1 24
+11 48
+13 24
+11 50
+2 30
1860 30
3930 30
+1 20
+4 10
-4 10
+1 10
+9 30
-5 30
+14 40
+2 10
+2 60
4112 132
3967 4
+1 10
+15 4
+8 6
+6 4
+1 4
+1 4
1860 6
4008 4
+7 4
+5 4
-51 10
+8 6
-7 4
-14 40
+68 2
+9 2
-1 2
+2 6
+7 2
-2 2
+1 2
+1 2
+5 2
+1 2
+2 6
+1 2
+30 4
+20 6
+1 6
+1 10
3985 6
-2 4

fn=(282) malloc
2879 6594
+5 4396
+1 4396
+3 28561
+2 6591
cfn=(302)
calls=2197 3319 
* 334780
+3 2197
-3 2197
+3 2197
+8 8788
+2 21970
+3 10985
-20 1
+20 3
-20 1
cfi=(76)
cfn=(284)
calls=1 29 
* 59575

fl=(81) /usr/src/debug/glibc-2.25-123-gedcf13e25c/misc/sbrk.c
fn=(308) sbrk
34 43
+8 43
-8 129
+8 255
+1 86
cfi=(82)
cfn=(310)
calls=43 -12 
* 516
* 129
+3 86
+4 252
+12 5
-4 84
cfi=(82)
cfn=(310)
calls=42 -27 
* 504
* 84
+4 210

fl=(55) /usr/src/debug/glibc-2.25-123-gedcf13e25c/time/../sysdeps/unix/sysv/linux/x86/gettimeofday.c
fn=(188) gettimeofday
42 2
fi=(51)
+2 1
+1 1
fe=(55)
-3 3
fi=(51)
+1 1
+5 3
+14 4
-17 3
+3 9
+14 12
-17 9
+22 1
fe=(55)
-25 6
cfi=(52)
cfn=(178)
calls=1 -16 
* 17
* 5

fl=(52)
fn=(178)
26 20
+1 8
+4 8
+18 24
-21 4
+20 4

fl=(83) /usr/src/debug/glibc-2.25-123-gedcf13e25c/string/../sysdeps/x86_64/strlen.S
fn=(316) strlen
66 2
+1 2
+1 2
+1 2
+1 2
+1 2
+1 2
+2 2
+2 2
+30 2
+1 2
+1 2
+1 2
+1 2
+1 2
+1 2

fl=(54) /usr/src/debug/glibc-2.25-123-gedcf13e25c/string/../sysdeps/x86_64/multiarch/strspn.S
fn=(186) strspn
30 1
+1 1
+1 1
+1 1
+1 1
+1 1

fl=(56) /usr/src/debug/glibc-2.25-123-gedcf13e25c/string/../sysdeps/x86_64/multiarch/memmove.S
fn=(192) memmove
29 1
+1 1
+1 1
+1 1
+1 1
+1 1
+11 1
+1 1
+1 1
+1 1
+1 1
+1 1
+1 1

fl=(64)
fn=(228)
31 5
+2 1
+2 1
-4 1
+4 1
-4 1
+2 3
+2 2
+1 1

fl=(78)
fn=(290)
127 9
+2 1
-2 1
+5 1
-5 1
+5 2
cob=(1) /usr/lib64/ld-2.25.so
cfi=(2) /usr/src/debug/glibc-2.25-123-gedcf13e25c/elf/rtld.c
cfn=(50) rtld_lock_default_lock_recursive
calls=1 779 
* 2
+2 2
cob=(2)
cfi=(17)
cfn=(292) 0x0000000004c49ee8
calls=1 0 
* 45
+2 3
30 1
+1 1
-1 1
+1 1
+3 2
+5 1
+6 1
-7 1
+2 3
+2 3
+3 1
+5 7
-6 2
+6 4043
+2 1010
+1 2020
-1 1
+1 2
+2 3636
+9 1992
+7 26
-2 26
+2 2292
-2 2240
+2 5837
-10 11330
+2 9064
+1 14427
+36 2
+1 1
+1 3
+3 2
+37 2
cob=(1)
cfi=(2)
cfn=(52) rtld_lock_default_unlock_recursive
calls=1 785 
* 2
+3 9
-28 1
+1 1
+21 2

fl=(84) /usr/src/debug/glibc-2.25-123-gedcf13e25c/ctype/../include/ctype.h
fn=(322) __ctype_b_loc
38 2
+1 1

fl=(69)
fn=(244)
57 5
-22 1
+22 1
-22 1
cfn=(246) __new_exitfn
calls=1 +38 
* 38
+2 2
+4 1
+3 1
+1 1
-4 2
+2 1
+4 1
+1 1
+11 4

fn=(246)
73 2
+6 1
-6 1
+6 1
-6 1
+6 4
+2 6
+2 3
-2 1
+10 2
-10 2
+45 1
+1 1
+3 4
+3 5
-21 1
+1 2

fl=(62)
fn=(224)
31 2
-1 3
+1 4
+2 3
cfi=(63)
cfn=(226)
calls=1 -9 
* 24
+4 5
+1 3
+2 4

fl=(80)
fn=(306)
46 43
+1 43
cfi=(81)
cfn=(308)
calls=43 -13 
* 2426
+2 129
+3 86

ob=(2)
fl=(17)
fn=(38) 0x0000000004000c28
0 8
cob=(1)
cfi=(18) /usr/src/debug/glibc-2.25-123-gedcf13e25c/elf/dl-minimal.c
cfn=(40) calloc
calls=8 98 
0 280

fn=(250) 0x00000000004006d8
0 6

fn=(298)
0 8
cob=(1)
cfi=(9) /usr/src/debug/glibc-2.25-123-gedcf13e25c/elf/dl-tunables.c
cfn=(300) __tunable_set_val
calls=8 455 
0 64

fn=(82) 0x0000000004000c40
0 3
cob=(1)
cfi=(29) /usr/src/debug/glibc-2.25-123-gedcf13e25c/elf/dl-error-skeleton.c
cfn=(84) _dl_catch_error
calls=3 175 
0 6684

fn=(292)
0 1
cob=(1)
cfi=(79) /usr/src/debug/glibc-2.25-123-gedcf13e25c/elf/dl-open.c
cfn=(294) _dl_find_dso_for_object
calls=1 167 
0 44

fn=(208) 0x0000000004a28520
0 6

fn=(42) 0x0000000004000c20
0 19
cob=(1)
cfi=(18)
cfn=(44) malloc
calls=19 56 
0 406

ob=(1)
fl=(37) /usr/src/debug/glibc-2.25-123-gedcf13e25c/misc/../sysdeps/unix/sysv/linux/wordsize-64/mmap.c
fn=(112) mmap
33 7
-1 84
+1 7
+1 70
+2 49
-3 12

fl=(36) /usr/src/debug/glibc-2.25-123-gedcf13e25c/io/../sysdeps/unix/sysv/linux/wordsize-64/fxstat.c
fn=(110) _fxstat
34 6
+1 18
+4 3

fl=(13) /usr/src/debug/glibc-2.25-123-gedcf13e25c/elf/../misc/sbrk.c
fn=(28) sbrk
34 4
+8 6
+4 2
+16 5

fl=(8) /usr/src/debug/glibc-2.25-123-gedcf13e25c/elf/../sysdeps/x86/cpu-features.c
fn=(24) get_common_indeces.constprop.1
24 2
+4 4
+3 3
+4 1
-4 1
+4 1
-4 1
+3 1
+1 2
+1 4
+1 4
+1 3
+1 2
+7 2
+1 7
+7 3
+4 2
+2 4
+40 2
+4 4
+1 2
+3 1
+2 1
-2 3
+2 2
+3 2
+50 3
-99 2
+3 3
+3 1
-3 1
+3 1
+2 3
+2 2
+7 3
-5 3

fl=(25) /usr/src/debug/glibc-2.25-123-gedcf13e25c/string/../sysdeps/x86_64/multiarch/memset-vec-unaligned-erms.S
fn=(70) memset
91 40
+2 8
+1 8
+1 4
+1 4
+2 2
+1 2
+2 2
+50 2
+1 2
+10 2
+1 2
+1 2
+1 2
+1 2
+1 2
+1 2
+1 2
+1 2
+1 2
+1 2
+1 2
+1 2
+1 2
+2 37
+1 37
+1 37
+1 37
+1 37
+1 37
+1 37
+1 2
+15 4
+1 4
+1 4
+1 2
+1 2
+1 1
+1 1
+24 2
+1 2
+2 2
+3 1
+1 1
+2 1
+3 1
+1 1
+2 1

fl=(18)
fn=(44)
56 75
+11 36
+3 18
-3 18
+3 36
-3 2
+3 1
-3 1
+3 74
-15 3
+20 4
+1 2
+2 1
+1 8
cfi=(37)
cfn=(112)
calls=1 -46 
* 33
+2 2
+2 3
+2 1
+3 1
-3 2
+4 1
+2 5
-2 18
-1 18
+3 36
-29 1
-1 1
+1 1
+1 2
-2 2

fn=(40)
98 8
+8 8
-1 16
-3 8
+4 16
+3 8
cob=(2)
cfi=(17)
cfn=(42)
calls=8 0 
* 216

fl=(9)
fn=(300)
455 56
+32 8

fn=(16) __tunables_init
369 8
-9 3
82 168
+6 54
-3 54
+3 4239
+4 108
+5 54
377 54
97 54
377 54
43 108
-1 20
+1 16
410 216
-18 1728
+6 2160
42 1728
+1 2024
-1 384
188 54
82 108
444 8

fl=(28) /usr/src/debug/glibc-2.25-123-gedcf13e25c/string/../sysdeps/x86_64/strcspn.S
fn=(80) strcspn
33 1
+7 1
+1 1
+2 1
+1 1
+1 1
+1 1
+1 33
+3 2
+7 1
+1 1
+1 1
+1 1
+2 1
+1 1
+1 1
+1 1
+2 1
+1 1
+1 1
+9 3
+12 1
+2 1
+1 1
+1 1
-4 12
+2 12
+1 12
+1 12
+2 13
+1 13
+1 13
+2 12
+1 12
+1 12
+2 12
+1 12
+1 12
+4 1
+2 1
+7 1
+4 1

fl=(6) /usr/src/debug/glibc-2.25-123-gedcf13e25c/elf/dl-lookup.c
fn=(10) _dl_setup_hash
959 12
+4 4
+4 8
+2 4
-1 4
+3 12
+1 4
+1 4
+3 4
-3 4
+7 4
-4 4
-1 4
+3 4
+2 4
-7 4
+7 4
+1 4

fn=(166) _dl_lookup_symbol_x
810 960
572 96
810 480
572 288
-1 192
+2 96
-1 96
+1 288
-1 288
+1 1178
-1 1178
+1 3534
-1 3630
813 96
-1 96
+4 96
+4 96
-8 96
+1 96
+7 372
+5 288
+6 288
-7 768
+15 5
-8 30
+2 1248
cfn=(168) do_lookup_x
calls=96 355 
* 34121
+3 379
+26 192
+22 637
+31 91
+9 364
+14 273
+3 364
+5 91
+2 864
-84 30
+15 5
+1 10
+59 2

fn=(168)
355 672
+1 96
-1 576
+6 192
+12 96
+30 96
-41 96
+41 96
+35 192
-65 480
+14 888
+8 592
+1 888
+3 296
+1 592
+4 592
+3 592
-5 296
+5 888
+3 2072
-99 205
557 1508
+1 114
cfi=(31) /usr/src/debug/glibc-2.25-123-gedcf13e25c/elf/dl-misc.c
cfn=(92) _dl_name_match_p
calls=38 288 
* 2850
* 152
+3 621
366 596
+3 596
+4 608
+4 592
+4 592
fi=(48) /usr/src/debug/glibc-2.25-123-gedcf13e25c/elf/../sysdeps/generic/ldsodefs.h
101 273
fe=(6)
520 182
+3 684
-60 14
+64 33
+12 546
+2 91
+24 768
-1 10
414 294
-1 196
+2 196
+2 98
107 294
392 98
107 98
391 98
107 98
417 196
107 196
430 306
-10 965
+2 364
+2 182
-1 273
95 637
+12 455
+3 307
cfi=(20) /usr/src/debug/glibc-2.25-123-gedcf13e25c/string/../sysdeps/x86_64/strcmp.S
cfn=(54) strcmp
calls=25 +34 
* 1109
* 75
+5 91
-1 91
+1 91
+2 180
+19 90
+1 810
469 910
165 2
+2 5
+30 49
-59 450
cfi=(20)
cfn=(54)
calls=90 +6 
* 3044
* 450

fl=(1) ???
fn=(0) 0x0000000000000dd0
0 2
cfi=(2)
cfn=(2) _dl_start
calls=1 440 
0 105866
0 14
cfi=(57) /usr/src/debug/glibc-2.25-123-gedcf13e25c/elf/dl-init.c
cfn=(206) _dl_init
calls=1 80 
0 2090
0 3
cob=(5)
cfi=(67)
cfn=(240) _start
calls=1 0 
0 134877409

fl=(32) /usr/src/debug/glibc-2.25-123-gedcf13e25c/string/../sysdeps/x86_64/strchr.S
fn=(94) index
24 5
+1 5
+1 5
+1 5
+1 5
+1 5
+1 5
+1 5
+1 5
+1 5
+1 5
+1 5
+1 5
+1 5
+1 5
+1 5
+1 5
+1 3
+4 3
+1 3
+1 3
+1 3
+2 3
+4 2
+1 2
+1 2
+1 2
+1 2
+1 2
+1 2
+1 2
+1 2
+1 2
+1 2
+1 2
+1 2
+1 2
+1 2
+1 2
+1 2
+1 2
+1 2
+1 2
+1 2
+1 2
+1 2
+1 2
+52 2
+4 2
+1 2
+1 2
+1 2
+2 2

fl=(45) /usr/src/debug/glibc-2.25-123-gedcf13e25c/malloc/scratch_buffer_set_array_size.c
fn=(140) __libc_scratch_buffer_set_array_size
30 2
-4 4
+4 2
-3 2
-1 2
+4 2
-4 2
+1 2
+4 4
+10 2
+1 2
-1 2
+18 8

fl=(41) /usr/src/debug/glibc-2.25-123-gedcf13e25c/io/../sysdeps/unix/sysv/linux/access.c
fn=(124) access
42 8
+4 1

fl=(24) /usr/src/debug/glibc-2.25-123-gedcf13e25c/elf/dl-hwcaps.c
fn=(66) _dl_important_hwcaps
39 8
+2 2
-2 1
+3 3
-3 2
+11 1
-11 1
+11 2
+10 3
+87 4
+5 1
-5 2
+8 5
+2 1
+1 5
+4 1
+4 1
-4 1
+1 1
+3 2
+3 11
+5 1
-1 3
+1 1
+18 11
+1 4
cob=(2)
cfi=(17)
cfn=(42)
calls=1 0 
* 19
+1 1
-1 1
+1 3
+26 14
+3 3
+23 1
-7 4
+12 1
+1 2
-1 5
+1 6
-1 11
+5 11
+4 3
-4 6
+4 9
+1 4
-1 4
+1 8
-2 4
+1 8
-1 14
+4 4
+4 1
+1 1
-2 1
+1 1
+1 1
-2 1
+2 1
-2 1
+1 1
+1 3
+13 8
+1 1
-1 2
+3 2
-3 1
+1 1
-1 2
+3 2
+3 4
+3 9
115 2
+1 1
-1 5
225 4
cfi=(19) /usr/src/debug/glibc-2.25-123-gedcf13e25c/string/../sysdeps/x86_64/multiarch/memmove-vec-unaligned-erms.S
cfn=(68) mempcpy
calls=1 117 
* 16
* 4
cfi=(19)
cfn=(68)
calls=1 117 
* 15
+1 4
cfi=(19)
cfn=(68)
calls=1 117 
* 14
* 4
cfi=(19)
cfn=(68)
calls=1 117 
* 15
* 3

fl=(19)
fn=(46) memcpy
131 14
+2 14
+1 14
+1 8
+1 8
+5 5
+1 5
+1 5
+1 5
+5 5
260 6
+1 6
+1 1
+1 1
+1 1
+1 1
+1 1
+1 1
+1 1
+2 1
+22 5
+1 5
+1 5
+1 5
+1 5
+24 3
+1 3
+1 3
+1 3
+22 3
+1 3
+1 3
+1 3
+1 3
+1 3
+1 3
+1 3
+2 3

fn=(68)
117 7
+1 7
+1 7
+14 7
+1 7
+1 3
+1 3
+5 2
+1 2
+1 2
+1 2
+5 2
260 4
+1 4
+1 4
+1 4
+1 3
+1 3
+1 2
+1 2
+1 2
+2 2
+29 1
+1 1
+1 1
+1 1
+1 1
+3 1
+1 1
+1 1
+1 1
+1 1
+10 1
+1 1
+1 1
+1 1
+22 1
+1 1
+1 1
+1 1
+1 1
+1 1
+1 1
+1 1
+2 1

fl=(10) /usr/src/debug/glibc-2.25-123-gedcf13e25c/elf/../sysdeps/unix/sysv/linux/dl-sysdep.c
fn=(60) _dl_discover_osversion
45 4
+2 3
+85 5
-45 3
cfi=(22) /usr/src/debug/glibc-2.25-123-gedcf13e25c/posix/../sysdeps/unix/syscall-template.S
cfn=(62) uname
calls=1 -3 
* 5
* 1
+15 1
-15 1
+20 1
-1 1
+3 12
+4 3
-2 6
+2 10
+2 1
+1 2
-3 4
+7 3
-1 3
+4 3
-2 3
+2 10
+5 2

fl=(7) /usr/src/debug/glibc-2.25-123-gedcf13e25c/elf/../elf/dl-sysdep.c
fn=(198) _dl_sysdep_start_cleanup
261 1

fn=(12) _dl_sysdep_start
88 8
+25 1
-1 1
+1 172
+6 1
-3 1
+1 1
-4 1
+3 1
+3 4
+1 2
-1 12
-29 1
-1 10
+30 2
+1 108
+3 1
-4 74
+62 1
-62 1
+63 1
-1 1
-62 3
+34 1
-34 2
+35 1
-35 2
+46 1
-46 1
+47 1
-1 1
-46 3
+40 1
-40 1
+41 1
-1 1
-40 3
+37 1
-37 2
+38 1
-38 3
+13 1
-13 2
+14 1
-14 2
+10 1
-10 2
+11 1
-11 2
+7 1
-7 4
224 1
cfi=(9)
cfn=(16)
calls=1 369 
* 13404
fi=(10)
35 2
cfi=(11) /usr/src/debug/glibc-2.25-123-gedcf13e25c/elf/../sysdeps/unix/sysv/linux/x86_64/brk.c
cfn=(20) brk
calls=1 -4 
* 11
fi=(5) /usr/src/debug/glibc-2.25-123-gedcf13e25c/elf/../sysdeps/x86_64/dl-machine.h
225 5
fi=(8)
-44 1
-12 1
+1 1
+11 1
+3 1
-3 1
+3 5
352 3
+1 1
+3 2
+1 1
fe=(7)
235 1
fi=(8)
363 1
+1 1
+1 1
fe=(7)
235 2
+1 1
cfi=(12) /usr/src/debug/glibc-2.25-123-gedcf13e25c/string/../sysdeps/x86_64/strlen.S
cfn=(26) strlen
calls=1 66 
* 32
* 1
+2 2
cfi=(13)
cfn=(28)
calls=1 34 
* 17
* 3
+12 3
+3 5
cfi=(2)
cfn=(30) dl_main
calls=1 865 
* 90961
+2 9
fi=(8)
-65 5
cfn=(24)
calls=1 24 
* 86
+3 3
+98 4
+7 4
188 1
298 4
196 2
-1 3
+1 1
+1 7
+85 3
-79 2
fe=(7)

fl=(12)
fn=(26)
66 10
+1 10
+1 10
+1 10
+1 10
+1 10
+1 10
+2 10
+2 10
+30 9
+1 9
+1 9
+1 9
+1 9
+1 3
+1 3
+4 6
+1 6
+1 6
+1 6
+1 6
+1 6
+1 6
+1 6
+1 6
+1 6
+1 6
+1 6
+5 48
+4 1
+1 14
+1 8

fl=(33) /usr/src/debug/glibc-2.25-123-gedcf13e25c/string/strdup.c
fn=(98) strdup
40 8
+1 2
cfi=(12)
cfn=(26)
calls=2 +25 
* 68
* 2
+1 4
cob=(2)
cfi=(17)
cfn=(42)
calls=2 -42 
* 38
+2 4
+4 2
-1 4
+1 4
-1 4
cfi=(19)
cfn=(46)
calls=2 +84 
* 28

fl=(2)
fn=(78) handle_ld_preload
832 8
+1 1
-1 1
-75 1
+86 1
-86 4
+80 2
+3 3
cfi=(28)
cfn=(80)
calls=1 33 
* 223
* 1
+1 3
+9 1
121 1
852 2
121 2
854 2
-97 5
-10 1
+4 1
+1 1
+1 1
+2 1
+2 1
cob=(2)
cfi=(17)
cfn=(82)
calls=1 0 
* 2202
+1 3
+8 4
+71 2
+21 9
-15 4
cfi=(19)
cfn=(46)
calls=1 131 
* 18
+1 2

fn=(88) map_doit
583 1
+2 1
-2 1
+3 2
-1 3
+1 3
cfi=(23) /usr/src/debug/glibc-2.25-123-gedcf13e25c/elf/dl-load.c
cfn=(90) _dl_map_object
calls=1 1897 
* 2128
* 1
+2 2

fn=(2)
440 9
+18 4
fi=(3) /usr/src/debug/glibc-2.25-123-gedcf13e25c/elf/get-dynamic-info.h
45 1
fe=(2)
458 1
fi=(5)
59 3
fi=(3)
-14 1
fe=(2)
484 1
-3 1
fi=(3)
45 1
+25 2
-3 1
-7 1
+5 1
+3 1
+2 1
-6 1
+3 1
-3 2
-3 20
+10 5
-26 15
+16 11
+10 11
-26 33
+26 1
-26 3
+2 34
+13 24
+2 4
+16 2
+20 4
+1 4
+1 4
+1 4
+2 4
+5 3
+1 4
+1 4
+6 3
+12 3
+1 3
+8 5
+2 3
+3 2
+1 2
fe=(2)
495 2
389 1
502 1
389 1
cfi=(6)
cfn=(10)
calls=1 959 
* 23
+1 2
+1 2
+1 2
+1 2
+8 1
+9 1
-9 3
+9 1
-6 1
-3 1
+9 1
cfi=(7)
cfn=(12)
calls=1 88 
* 105058
* 1
+9 4
+3 1
+4 1
-4 1
+4 1
527 9
-27 16
fi=(4) /usr/src/debug/glibc-2.25-123-gedcf13e25c/elf/do-rel.h
84 1
+27 1
-28 1
+28 2
+1 2
fi=(5)
539 2
fi=(4)
112 46
fi=(5)
539 46
+1 24
fi=(4)
111 24
fi=(5)
540 24
fi=(4)
111 24
fi=(5)
540 24
fi=(4)
111 24
+5 2
+8 1
fi=(5)
334 1
+87 1
fi=(4)
124 2
+12 1
+3 1
-3 1
+3 1
-3 1
fi=(5)
300 1
fi=(4)
137 1
fi=(5)
300 1
fi=(4)
137 1
fi=(5)
300 1
fi=(4)
136 6
+3 6
-3 6
+3 6
-3 6
fi=(5)
300 6
fi=(4)
137 6
fi=(5)
300 6
fi=(4)
137 6
fi=(5)
300 6
+9 21
+3 7
-3 14
+3 21
+22 42
fi=(3)
65 4
fi=(4)
+59 22
fi=(5)
353 21
fi=(3)
68 4
+1 1
+1 2
fe=(2)

fn=(152) init_tls
682 1
-6 1
+2 2
+4 1
+10 4
cob=(2)
cfi=(17)
cfn=(38)
calls=1 0 
* 28
+11 1
-15 1
+3 1
+6 1
+2 1
-11 1
+15 1
+2 1
-1 1
+1 15
+2 8
+4 1
+2 1
-2 1
-5 8
+9 2
+3 1
cfi=(27) /usr/src/debug/glibc-2.25-123-gedcf13e25c/elf/../elf/dl-tls.c
cfn=(154) _dl_determine_tlsoffset
calls=1 144 
* 66
+7 1
cfi=(27)
cfn=(156) _dl_allocate_tls_storage
calls=1 338 
* 375
+1 1
-1 1
+1 1
+6 1
+3 1
-3 1
+3 6
+3 1
+2 1
+1 3

fn=(52)
785 4
+1 4

fn=(30)
865 1
+17 1
-17 10
+17 1
+4 1
2458 1
865 1
+21 1
+1 1
2453 1
887 1
+5 1
2458 1
892 1
2451 2
+7 3
-4 1
+4 3
+2 2
cfi=(14) /usr/src/debug/glibc-2.25-123-gedcf13e25c/elf/dl-environ.c
cfn=(32) _dl_next_ld_env_entry
calls=1 30 
* 346
* 2
cfi=(14)
cfn=(32)
calls=1 30 
* 6
* 6
+4 3
-2 1
+2 16
+1 7
-1 21
+3 2
+6 7
2621 3
+32 3
900 2
-2 1
+2 1
1138 1
-3 1
-5 1
+1 1
+2 1
+5 5
+56 2
871 1
1157 1
+22 1
+15 2
-55 24
-1 27
+1 47
1241 3
+3 2
+2 2
+2 3
+13 3
+1 7
cfi=(20)
cfn=(54)
calls=1 144 
* 42
* 2
+7 1
+3 1
-5 1
+3 1
-3 1
+5 1
+1 2
+4 2
+2 2
fi=(3)
30 1
+9 2
+6 1
-2 1
+2 2
+15 1
+5 1
+3 1
+2 1
-3 1
-3 1
-3 1
-14 46
+13 16
+1 12
+10 3
-26 9
+16 19
+10 19
-26 57
+26 1
-26 3
+33 3
+38 3
+5 2
+7 2
+1 3
+16 3
+14 3
+18 2
fe=(2)
1284 2
cfi=(6)
cfn=(10)
calls=1 959 
* 23
+3 2
fi=(21) /usr/src/debug/glibc-2.25-123-gedcf13e25c/elf/setup-vdso.h
24 2
fe=(2)
2494 2
+7 4
cfi=(15) /usr/src/debug/glibc-2.25-123-gedcf13e25c/string/../sysdeps/x86_64/memcmp.S
cfn=(34) bcmp
calls=1 24 
* 36
* 2
+2 3
1309 1
cfi=(10)
cfn=(60)
calls=1 45 
* 87
* 9
1143 3
+1 1
+14 2
+9 1
-7 1
-3 1
+10 1
+18 2
-37 3
+1 1
fi=(3)
62 4
+3 4
fe=(2)
1303 5
1099 7
cfi=(16) /usr/src/debug/glibc-2.25-123-gedcf13e25c/elf/dl-object.c
cfn=(36) _dl_new_object
calls=1 61 
* 230
+2 1
-2 1
+2 1
+1 1
+1 1
+5 2
-5 1
+1 2
+4 1
cfi=(16)
cfn=(48) _dl_add_to_namespace_list
calls=1 32 
* 33
+1 3
874 2
1194 2
-1 2
+1 4
-1 2
+2 4
+1 1
+3 2
+1 2
-1 2
+1 2
+1 2
+1 6
+1 2
+31 2
+1 2
+1 1
-6 2
+1 1
fi=(3)
68 4
+1 1
+1 3
fe=(2)
1314 2
cfi=(23)
cfn=(64) _dl_init_paths
calls=1 678 
* 515
+3 3
cfi=(26) /usr/src/debug/glibc-2.25-123-gedcf13e25c/elf/dl-debug.c
cfn=(72) _dl_debug_initialize
calls=1 50 
* 17
+7 1
-7 1
+2 1
+5 1
+3 3
+1 1
+3 1
-3 3
+1 2
+3 1
+5 1
-7 1
+7 1
+1 5
+17 2
+1 2
+5 1
-3 3
+2 1
+1 2
+5 2
+1 5
-1 2
+3 2
+1 2
+5 2
+6 4
+1 1
-2 1
880 1
1382 1
1561 1
cfi=(27)
cfn=(74) _dl_count_modids
calls=1 115 
* 4
* 1
+8 3
+3 2
+4 3
+5 2
+1 1
cfi=(26)
cfn=(76) _dl_debug_state
calls=1 75 
* 1
+1 1
+4 2
+15 3
+4 1
-2 1
+2 2
+2 3
+1 1
-1 2
+1 1
cfn=(78)
calls=1 832 
* 2511
* 1
+1 4
+2 2
+10 3
cfi=(41)
cfn=(124)
calls=1 42 
* 9
* 2
+77 1
-96 1
+96 3
+17 3
+1 1
-1 1
+1 2
-1 1
+1 5
cfi=(42) /usr/src/debug/glibc-2.25-123-gedcf13e25c/elf/dl-deps.c
cfn=(126) _dl_map_object_deps
calls=1 162 
* 5806
+1 4
+5 1
-3 2
+3 2
+1 7
-1 2
+1 9
-1 6
+4 3
+1 3
+1 1
+2 2
+1 5
-1 4
+1 6
-1 6
+47 2
+2 2
-1 1
-1 2
+2 4
cfi=(29)
cfn=(142) _dl_receive_error
calls=1 217 
* 2670
+10 1
+1 1
-1 1
+1 1
+1 1
cfn=(152)
calls=1 682 
* 542
* 1
+2 2
794 1
fi=(88) /usr/src/debug/glibc-2.25-123-gedcf13e25c/elf/../sysdeps/unix/sysv/linux/dl-osinfo.h
64 2
fe=(2)
796 1
fi=(88)
77 1
fe=(2)
805 1
+7 1
-5 1
1799 2
2029 3
2199 4
+2 1
+5 3
cfi=(27)
cfn=(196) _dl_allocate_tls_init
calls=1 444 
* 146
+3 2
-59 3
+7 1
+2 3
+1 1
-1 2
+2 10
+2 4
-2 8
+2 4
+5 8
+2 8
+6 4
+2 8
+1 24
cfi=(47) /usr/src/debug/glibc-2.25-123-gedcf13e25c/elf/dl-reloc.c
cfn=(158) _dl_relocate_object
calls=3 149 
* 72234
+4 10
+1 2
cfi=(27)
cfn=(194) _dl_add_to_slotinfo
calls=1 896 
* 20
* 1
-12 1
+1 1
-3 2
+16 4
+2 2
+6 1
-6 1
+6 1
2085 1
+11 1
-7 1
-4 1
+8 1
-4 1
+4 1
+3 1
1744 1
+1 1
-1 2
+1 1
+2 1
+2 3
+2 1
-4 1
+4 2
+14 4
+1 2
+1 3
-25 2
2218 3
+2 4
+15 1
+2 1
-2 2
+3 1
-3 1
+3 1
-3 1
+3 3
cfi=(47)
cfn=(158)
calls=1 149 
* 4619
+1 4
+2 2
+8 1
cfi=(7)
cfn=(198)
calls=1 261 
* 1
+4 2
+20 3
cfi=(26)
cfn=(72)
calls=1 50 
* 8
+1 1
-1 1
+2 1
cfi=(26)
cfn=(76)
calls=1 75 
* 1
+1 1
+4 1
cfi=(43) /usr/src/debug/glibc-2.25-123-gedcf13e25c/elf/dl-cache.c
cfn=(200) _dl_unload_cache
calls=1 316 
* 15
+5 8
1703 5
+1 1
-1 3
+4 3
+1 1
+1 2
+1 2

fn=(50)
779 4
+1 4

fn=(144) version_check_doit
616 2
+2 4
cfi=(46) /usr/src/debug/glibc-2.25-123-gedcf13e25c/elf/dl-version.c
cfn=(146) _dl_check_all_versions
calls=1 380 
* 2645
* 2
+4 2

fl=(42)
fn=(128) openaux
61 4
+7 2
-4 6
+1 2
-1 2
+1 2
-1 10
cfi=(23)
cfn=(90)
calls=2 1897 
* 4331
* 2
+5 4

fn=(126)
162 1
-1 1
+1 1
-1 4
+1 1
-1 3
+1 1
-1 2
+1 1
-1 2
+1 1
-9 1
+9 2
-15 1
+6 3
+26 1
-17 1
-17 1
+1 1
+1 1
+6 1
+26 2
-30 2
-2 1
+33 1
-35 3
+2 2
-1 1
+1 2
+6 3
+26 1
-26 1
+26 7
+4 1
fi=(44) /usr/src/debug/glibc-2.25-123-gedcf13e25c/elf/../include/scratch_buffer.h
78 1
+1 1
fe=(42)
203 1
+1 1
fi=(44)
78 4
fe=(42)
201 2
+3 1
-3 2
+12 1
+4 4
-4 3
+4 12
+11 12
+2 4
+6 2
-6 2
+6 2
+1 2
+4 2
-4 2
+1 2
+3 2
-6 2
+3 2
+3 6
-31 2
+31 2
+75 6
-68 10
cfi=(32)
cfn=(94)
calls=2 24 
* 70
* 4
+5 10
-3 2
+3 2
cob=(2)
cfi=(17)
cfn=(82)
calls=2 0 
* 4485
+2 6
+15 2
+2 4
+5 2
+6 2
+2 2
-8 4
+3 2
+1 2
+1 2
+1 2
+4 10
+4 4
+1 3
-51 196
+1 98
+52 141
458 4
+2 6
+3 4
-1 2
cob=(2)
cfi=(17)
cfn=(42)
calls=2 0 
* 38
+2 2
-2 2
+2 2
+6 2
+1 8
-1 2
+1 2
cfi=(19)
cfn=(46)
calls=2 131 
* 20
+1 10
cfi=(19)
cfn=(46)
calls=2 131 
* 20
+4 2
-1 2
+5 28
fi=(44)
86 5
fe=(42)
489 6
+4 5
+11 2
-1 1
cob=(2)
cfi=(17)
cfn=(42)
calls=1 0 
* 19
+3 1
-3 1
+3 2
+5 6
+1 2
+2 3
+6 2
+4 3
-10 6
+6 6
+4 9
-10 10
+13 2
+51 3
+2 8
+42 1
-4 1
+5 1
-2 2
+1 7
+1 1
cfi=(25)
cfn=(70)
calls=1 91 
* 13
* 10
+11 1
-7 1
+7 1
-7 1
+1 1
-1 1
+1 2
+6 1
-11 2
+11 2
-7 2
+7 2
-7 2
+1 2
-1 2
+1 4
+6 4
+2 4
+1 4
-1 2
+1 3
+2 9
+1 6
+28 12
cfi=(25)
cfn=(70)
calls=2 91 
* 32
* 8
228 8
-18 2
458 5
662 6
-28 6
+31 14
-6 1
+16 3
+2 1
+1 1
-1 1
+2 3
+7 3
+3 3
+3 8
490 2
218 25
fi=(44)
-86 2
fe=(42)
+89 2
fi=(44)
-89 4
cfi=(45)
cfn=(140)
calls=2 30 
* 36
fe=(42)
+89 4
+4 4
483 9
-1 4
+1 10
202 2
615 4
cfi=(19)
cfn=(46)
calls=1 131 
* 10
+2 2
-38 2
+23 6

fl=(16)
fn=(48)
32 6
+2 3
-2 9
+2 6
cfi=(2)
cfn=(50)
calls=3 779 
* 6
+2 22
+3 15
+2 2
+2 2
+4 2
+4 2
-4 4
+1 2
+4 4
-4 2
+1 2
+3 2
-3 2
+2 2
cfi=(2)
cfn=(52)
calls=2 785 
* 4
-4 1
+4 1
-4 2
+1 1
+4 2
-4 1
+1 1
+3 1
-3 1
+2 1
cfi=(2)
cfn=(52)
calls=1 785 
* 2
-5 2

fn=(36)
61 36
+1 3
-1 3
+1 6
cfi=(12)
cfn=(26)
calls=3 +4 
* 66
+6 3
-6 6
+6 3
+7 3
-7 3
-6 3
+6 9
+2 6
+5 9
cob=(2)
cfi=(17)
cfn=(38)
calls=3 -75 
* 148
+3 3
-3 3
+3 3
+4 3
+5 3
-6 3
+6 3
-5 3
+5 3
-5 3
+4 3
+1 6
-1 3
+1 3
cfi=(19)
cfn=(46)
calls=3 +44 
* 41
+10 3
-10 3
+10 3
-10 3
+10 3
-8 3
+8 6
+1 3
-1 3
+1 9
+3 3
-3 3
+3 3
+9 3
-7 3
+4 3
+3 8
+2 2
-2 2
+2 30
-2 30
+18 6
-6 3
+1 3
+5 3
-6 3
+6 9
+2 2
+3 2
-3 4
+3 2
+4 6
+4 5
+8 1
+3 1
+3 2
-3 1
+3 1
-3 2
+3 4
-3 2
+3 2
+2 2
+21 2
-21 2
cfi=(12)
cfn=(26)
calls=2 -91 
* 68
+4 2
-4 4
+17 2
-13 6
+64 2
+4 27
102 8
+39 6
+70 6
cfi=(19)
cfn=(68)
calls=2 -94 
* 32
* 42
+6 40
-1 40
+1 42
-1 2
+1 6
+5 4
-96 1
+7 4
+32 4
cob=(2)
cfi=(17)
cfn=(42)
calls=2 0 
* 38
+1 2
-1 4
+1 2

fl=(30) /usr/src/debug/glibc-2.25-123-gedcf13e25c/setjmp/../sysdeps/x86_64/setjmp.S
fn=(86) __sigsetjmp
26 3
+9 3
+1 6
+1 3
+4 3
+1 3
+1 3
+1 3
+1 3
+2 6
+2 3
+1 3
+1 3
+2 6
+2 3
+4 3
+1 3

fl=(14)
fn=(32)
30 2
+3 7
+13 53
-13 159
+2 108
+1 18
+5 1
-3 1
+3 1
+2 1
+7 1

fl=(15)
fn=(34)
24 1
+1 1
+1 1
+1 1
+1 1
+1 1
+1 1
+1 1
+3 1
+1 1
+1 1
+1 1
+1 1
+1 1
+1 1
+1 1
+1 1
+2 1
+1 1
+1 1
+1 1
+1 1
+1 1
+1 1
+1 1
+1 1
+2 1
+1 1
+1 1
+1 1
+1 1
+1 1
+39 1
+1 1
+15 1
+1 1

fl=(74) /usr/src/debug/glibc-2.25-123-gedcf13e25c/elf/../elf/dl-runtime.c
fn=(278) _dl_fixup
66 10
+6 10
-6 5
+3 10
+3 15
-4 5
+5 5
+1 5
-1 25
+1 5
-1 5
+1 5
+5 10
+4 10
+4 5
+7 5
-7 10
+4 10
+1 20
+2 20
+7 10
-1 5
+1 5
+10 45
cfi=(6)
cfn=(166)
calls=5 810 
* 3454
* 5
+4 25
+10 35
+16 5
-8 5
+8 15
+4 15
fi=(5)
+96 5
fe=(74)
-92 15

fl=(79)
fn=(294)
167 5
+4 6
+1 4
+1 12
+1 2
-2 6
+5 2
+4 7

fl=(11)
fn=(20)
31 7
+8 1
-6 2
+7 1

fl=(20)
fn=(54)
144 230
+1 230
+2 230
+1 230
+21 230
+1 230
+1 194
+1 194
+1 181
+1 181
+1 181
+1 181
+21 181
+1 181
+1 181
+1 181
+1 181
+1 181
+1 181
+5 3
+1 3
+9 3
+1 3
+1 3
+1 3
+1 3
+1 3
+1 3
+1 3
-7 49
+1 49
+1 49
+1 49
+1 49
+1 49
+1 49
+1 49
+1 50
+1 20
+1 20
+1 20
+2 20
+1 20
+1 20
+1 20
+1 20
+1 20
-5 30
+1 30
+1 30
+1 30
+1 30
+1 30
+10 2
+1 2
+1 2
+2 2
+6 2
+1 2
+1 2
+1 2
+1 2
+5 2
571 1
+1 1
+1 1
+1 1
+1 1
+2 1
+1 1
+1 1
+1 1
+1 1
+1 1
+1 1
+1 1
+4 1
+1 1
+1 1
+6 1
+1 1
+1 2
+4 1
+1 1
+3 1
+1 1
+1 1
+3 1
+1 1
+1 1
+6 1
+1 1
+1 1
+1 1
+1 1
+1 1
+72 1
+1 1
+1 1
+1 1
+1 1
+2 1
+1 1
+1 1
+1 1
+1 1
+1 1
+1 1
+1 1
+4 1
+1 1
+1 1
+6 1
+1 1
+1 2
+4 1
+1 1
+3 1
+1 1
+1 1
+3 1
+1 1
+1 1
+6 1
+1 1
+1 1
+1 1
+1 1
+1 1
946 3
+1 3
+1 3
+1 3
+1 3
+2 3
+1 3
+1 3
+1 3
+1 3
+1 3
+1 3
+1 2
+4 2
+1 2
+1 2
+6 2
+1 2
+1 4
+4 2
+1 2
+3 2
+1 2
+1 2
+3 2
+1 2
+1 2
+6 2
+1 2
+1 2
+1 2
+1 2
+1 2
+72 12
+1 12
+1 12
+1 12
+1 12
+2 12
+1 12
+1 12
+1 12
+1 12
+1 12
+1 12
+1 10
+4 10
+1 10
+1 10
+6 10
+1 10
+1 20
+4 10
+1 10
+3 10
+1 10
+1 10
+3 10
+1 10
+1 10
+6 10
+1 10
+1 10
+1 10
+1 10
+1 10
+72 2
+1 2
+1 2
+1 2
+1 2
+2 2
+1 2
+1 2
+1 2
+1 2
+1 2
+1 2
1321 1
+1 1
+1 1
+1 1
+1 1
+2 1
+1 1
+1 1
+1 1
+1 1
+1 1
+1 1
1571 1
+1 1
+1 1
+1 1
+1 1
+2 1
+1 1
+1 1
+1 1
+1 1
+1 1
+1 1
+1 1
+4 1
+1 1
+1 1
+6 1
+1 1
+1 2
+4 1
+1 1
+3 1
+1 1
+1 1
+3 1
+1 1
+1 1
+6 1
+1 1
+1 1
+1 1
+1 1
+1 1
+72 13
+1 13
+1 13
+1 13
+1 13
+2 13
+1 13
+1 13
+1 13
+1 13
+1 13
+1 13
+1 12
+4 12
+1 12
+1 12
+6 12
+1 12
+1 24
+4 12
+1 12
+3 12
+1 12
+1 12
+3 12
+1 12
+1 12
+6 12
+1 12
+1 12
+1 12
+1 12
+1 12
+72 5
+1 5
+1 5
+1 5
+1 5
+2 5
+1 5
+1 5
+1 5
+1 5
+1 5
+1 5
+1 1
+4 1
+1 1
+1 1
+6 1
+1 1
+1 2
+4 1
+1 1
+3 1
+1 1
+1 1
+3 1
+1 1
+1 1
+6 1
+1 1
+1 1
+1 1
+1 1
+1 1
+72 7
+1 7
+1 7
+1 7
+1 7
+2 7
+1 7
+1 7
+1 7
+1 7
+1 7
+1 7
+1 5
+4 5
+1 5
+1 5
+6 5
+1 5
+1 10
+4 5
+1 5
+3 5
+1 5
+1 5
+3 5
+1 5
+1 5
+6 5
+1 5
+1 5
+1 5
+1 5
+1 5
+72 4
+1 4
+1 4
+1 4
+1 4
+2 4
+1 4
+1 4
+1 4
+1 4
+1 4
+1 4
+2 1
+4 1
+1 1
+1 1
+6 1
+1 1
+2 2
+4 1
+1 1
+3 1
+1 1
+1 1
+3 1
+1 1
+1 1
+6 1
+1 1
+1 1
+1 1
+1 1
+1 1
+74 34
+2 34
+1 34
+1 34
+1 34
-3 18
+1 18
+1 18
+1 18
+1 60
+5 20
+6 20
+1 20
+8 20
+1 20
-16 210
+6 210
+1 210
+8 210
+1 210

fl=(47)
fn=(158)
149 40
+15 4
-15 8
+15 4
+1 20
+6 12
+6 16
+1 8
-19 4
+22 4
+7 4
-32 4
+32 4
+44 4
fi=(5)
76 4
fe=(47)
232 8
fi=(5)
76 10
fe=(47)
259 135
-99 2
fi=(5)
480 6
fe=(47)
160 4
+99 2
fi=(4)
48 2
fe=(47)
259 2
fi=(4)
47 2
+11 2
-11 2
+11 2
-11 2
+11 2
fe=(47)
259 2
-99 2
fi=(5)
480 6
fe=(47)
160 4
+99 2
fi=(4)
48 2
fe=(47)
259 2
fi=(4)
47 2
+11 2
-11 2
+11 2
-11 2
+11 2
fe=(47)
259 4
fi=(4)
48 4
fe=(47)
259 4
fi=(4)
47 4
+11 4
-11 4
+11 4
-11 4
+11 4
+26 6
+14 12
-15 12
+3 24
+12 6
+10 10
+10 18
+6 5
-3 10
+3 5
fi=(5)
490 3
fi=(4)
51 3
fi=(5)
490 3
fi=(4)
50 6
+77 448
+12 208
-3 312
fi=(5)
275 104
fi=(4)
139 104
-2 104
-1 104
+1 104
+1 104
-1 208
fi=(5)
275 104
+21 208
+4 208
+7 416
fi=(48)
101 267
fi=(5)
307 1810
fi=(4)
138 84
fi=(5)
307 168
fi=(4)
138 84
fi=(5)
307 84
fi=(4)
138 84
fi=(5)
307 168
fi=(4)
138 2
fi=(5)
307 4
fi=(4)
138 2
fi=(5)
307 2
fi=(4)
138 2
fi=(5)
307 1036
cfi=(6)
cfn=(166)
calls=86 810 
* 47466
* 516
+2 267
+25 624
fi=(4)
74 4
+1 16
fe=(47)
259 16
+3 16
+24 4
+3 8
+17 12
+8 20
+3 4
-3 4
+3 4
+4 8
+1 12
cfi=(39) /usr/src/debug/glibc-2.25-123-gedcf13e25c/misc/../sysdeps/unix/syscall-template.S
cfn=(116) mprotect
calls=4 84 
* 20
* 8
-14 32
fi=(5)
131 9
457 348
fi=(4)
124 336
+19 15
+1 3
fi=(5)
307 6
fi=(4)
145 24
+3 16
+4 16
-1 8
-3 8
+1 8
+1 8
-1 16
fi=(5)
307 32
513 8
fi=(4)
144 8
fi=(5)
513 8
+1 8
cob=(3)
cfi=(56)
cfn=(192)
calls=1 29 
* 13
cob=(3)
cfi=(55)
cfn=(188)
calls=1 42 
* 77
cob=(3)
cfi=(54)
cfn=(186)
calls=1 30 
* 6
cob=(3)
cfi=(53)
cfn=(184)
calls=1 45 
* 6
cob=(3)
cfi=(49)
cfn=(182)
calls=1 129 
* 5
cob=(3)
cfi=(53)
cfn=(180)
calls=1 45 
* 6
cob=(3)
cfi=(50)
cfn=(174)
calls=1 43 
* 77
cob=(3)
cfi=(49)
cfn=(172)
calls=1 109 
* 5
fi=(4)
144 8
fi=(5)
515 8
fi=(4)
144 10
fi=(5)
429 45
+4 60
+5 15
+9 15
-9 30
+9 30
+49 6
+4 12
cfi=(19)
cfn=(46)
calls=2 131 
* 20
+2 6
+1 2
307 16
+5 32
-5 30
+5 15
-3 30
+3 133
-3 176
+3 264
fi=(4)
129 30
fi=(5)
307 6
fi=(4)
129 3
-68 4
-10 2
-1 4
fi=(5)
550 26
+4 26
+2 39
+1 13
fi=(4)
61 39
+2 52
+48 10
fi=(5)
540 1192
fi=(4)
111 1192
fi=(5)
540 1192
fi=(4)
111 1192
fi=(5)
540 1192
fi=(4)
111 1192
fi=(5)
534 1192
fi=(4)
112 2384
fi=(5)
534 2384
+5 2384
fi=(4)
50 1
160 1
51 1
160 4
+2 20
+9 10
-1 5
+1 5
-1 10
fi=(5)
275 5
fi=(4)
170 15
fi=(5)
275 5
+21 10
+4 10
+7 20
fi=(48)
101 15
fi=(5)
307 170
cfi=(6)
cfn=(166)
calls=5 810 
* 2382
* 35
+2 15
+25 30
fe=(47)
-75 5
fi=(5)
82 4
+4 6
+14 2
-8 2
+8 4
+20 4
+4 8
-2 4
457 20
fi=(4)
160 17
+14 2
fi=(5)
312 1
-3 2
+3 3
-5 87
fe=(47)
181 6
fi=(5)
307 6
fe=(47)

fl=(29)
fn=(84)
175 6
+15 3
-3 6
+6 3
-6 3
+9 3
-9 3
+3 3
+2 3
-5 3
+6 3
+3 3
-21 6
+12 3
+2 6
+3 3
+4 3
cfi=(30)
cfn=(86)
calls=3 26 
* 60
* 9
+2 9
cfi=(42)
cfn=(128)
calls=2 61 
* 4365
cfi=(2)
cfn=(88)
calls=1 583 
* 2142
+1 3
+2 3
+1 3
-3 3
+1 6
+1 3
+9 3
-8 3
+8 9

fn=(142)
217 3
+1 1
+1 1
+3 1
+1 1
+2 2
cfi=(2)
cfn=(144)
calls=1 616 
* 2655
+2 1
+1 1
+1 4

fl=(34) /usr/src/debug/glibc-2.25-123-gedcf13e25c/io/../sysdeps/unix/syscall-template.S
fn=(102) open
84 12
+1 3

fn=(122) close
84 12
+1 3

fn=(104) read
84 8
+1 2

fl=(22)
fn=(62)
84 4
+1 1

fl=(39)
fn=(116)
84 24
+1 6

fn=(202) munmap
84 4
+1 1

fl=(27)
fn=(156)
338 1
+2 1
-2 2
+13 1
+1 2
cob=(2)
cfi=(17)
cfn=(42)
calls=1 0 
* 19
+1 3
+8 2
-71 1
+71 2
+1 1
+4 297
+19 1
-96 2
+1 2
cob=(2)
cfi=(17)
cfn=(38)
calls=1 0 
* 28
+1 2
+3 1
+6 2
+91 5

fn=(136) _dl_next_tls_modid
52 4
+48 1
+4 1

fn=(196)
444 8
+1 1
-1 1
+1 1
+4 1
+6 2
-6 1
+6 1
+12 1
-15 1
+15 1
-16 2
+21 9
+6 14
+3 1
+1 2
+6 3
+1 1
+6 1
-6 1
+2 1
+4 1
-4 3
+3 1
-3 1
+1 1
+2 1
+4 2
+1 4
+2 2
+1 1
+12 1
-12 1
+12 1
-3 1
+3 1
cfi=(19)
cfn=(68)
calls=1 117 
* 12
* 4
cfi=(25)
cfn=(70)
calls=1 91 
* 33
* 7
-42 2
+52 1
+4 3
+3 8

fn=(154)
144 1
-6 5
+6 2
+3 2
+36 3
+2 4
-2 1
-2 1
-40 1
-1 1
-1 2
+69 2
+3 2
-3 5
+2 2
+10 1
-37 2
+25 1
-25 2
+5 1
-1 1
+5 2
-4 1
-1 2
+3 2
+2 3
-9 5
+93 1
-53 1
+1 1
+52 1
-1 1
+1 4

fn=(194)
896 4
+9 1
-3 2
+8 7
+41 1
+1 1
+1 4

fn=(74)
115 2
+1 2

fl=(73) /usr/src/debug/glibc-2.25-123-gedcf13e25c/elf/../sysdeps/x86_64/dl-trampoline.h
fn=(276) _dl_runtime_resolve_xsave
71 5
+3 5
+2 5
+10 5
+6 5
+1 5
+1 5
+1 5
+1 5
+1 5
+1 5
+4 5
+1 5
+3 5
+1 5
+2 5
+1 5
+1 5
+1 5
+1 5
+1 5
+2 5
+7 5
+1 5
+1 5
cfi=(74)
cfn=(278)
calls=5 -59 
* 3839
+1 5
+5 5
+1 5
+1 5
+2 5
+1 5
+1 5
+1 5
+1 5
+1 5
+1 5
+2 5
+2 5
+4 5
+3 5

fl=(26)
fn=(72)
50 8
+5 6
+5 2
-1 1
+1 2
+1 2
-1 1
+5 1
-14 4
+4 8
+4 1
-1 1
+1 4

fn=(76)
75 2

fl=(43)
fn=(200)
316 4
-1 1
+3 2
cfi=(39)
cfn=(202)
calls=1 84 
* 5
+1 1
+2 2

fn=(130) _dl_load_cache_lookup
185 9
+8 2
+3 3
+45 1
+6 2
+15 1
+13 1
-20 4
+7 2
+13 1
-13 1
+13 149
cfn=(134) _dl_cache_libcmp
calls=11 138 
* 812
* 74
cfn=(134)
calls=1 138 
* 71
* 7
-76 4
cfi=(31)
cfn=(132) _dl_sysdep_read_whole_file
calls=1 45 
* 93
+8 1
-8 1
+8 4
+1 7
+7 1
-3 1
+3 3
+3 1
+1 2
-1 1
+1 1
+1 8
+71 2
+4 2
+8 2
cfi=(12)
cfn=(26)
calls=1 66 
* 34
* 2
+1 1
-1 4
+1 2
cfi=(19)
cfn=(46)
calls=1 131 
* 10
+1 2
cfi=(33)
cfn=(98)
calls=1 40 
* 80
+1 8
-19 1
-24 7
-1 4
+13 16
+12 3

fn=(134)
138 24
+1 26
+2 244
+20 120
+2 218
+4 49
+1 49
-29 98
+32 3
-28 2
+6 1
+2 1
-1 1
-1 2
+1 1
-1 1
+2 3
+2 3
-3 1
+3 1
+2 2
+9 33

fl=(57)
fn=(206)
80 11
+5 1
-4 1
+1 1
+3 2
+8 2
+25 2
+1 12
+1 12
-90 12
+9 3
-3 6
+3 9
+5 6
+5 2
+9 6
cob=(3)
cfi=(59)
cfn=(218)
calls=1 -6 
* 200
* 1
+4 2
+6 2
+2 2
-2 1
+3 1
-1 1
+1 5
+1 4
cob=(3)
cfi=(65)
cfn=(230)
calls=1 481 
* 1689
* 1
-1 2
+48 3
+4 2
+1 8
-79 3
-5 3
-10 3
+58 2
-49 1
-3 2
+3 3
+5 3
+5 2
+9 7
cob=(2)
cfi=(17)
cfn=(208)
calls=1 -58 
* 6
* 1
+3 1
+1 2
+6 1
+2 2
-2 2
+3 8
+1 4
cob=(4)
cfi=(58)
cfn=(212)
calls=1 -72 
* 17
-1 5

fl=(46)
fn=(148) _dl_check_map_versions
174 32
+15 12
+2 4
+3 16
-3 4
+2 4
+1 4
+2 4
-3 4
+3 4
+3 4
-16 2
-8 2
+28 2
-4 2
+4 4
+17 2
56 4
220 2
56 10
+1 5
-1 10
+2 21
cfi=(31)
cfn=(92)
calls=7 288 
* 628
* 14
228 6
+5 16
+19 2
-15 4
+2 2
-2 20
+2 2
-2 34
cfn=(150) match_symbol
calls=2 76 
* 262
* 8
cfn=(150)
calls=2 76 
* 274
* 4
+7 24
+3 16
+9 8
+14 4
+3 8
+10 30
-7 120
+3 90
-3 8
+3 6
+8 6
+87 36
-81 12
cob=(2)
cfi=(17)
cfn=(38)
calls=3 0 
* 84
+1 3
-2 3
+2 3
+11 3
+2 3
-5 3
+3 3
+2 3
-2 3
+2 3
+3 6
+4 6
+18 2
-15 6
+2 6
-2 6
+2 6
+2 4
+1 4
-1 8
+1 4
-1 4
+1 4
+1 4
-2 4
+2 8
+1 12
+3 12
+8 6
+10 9
+3 8
+4 30
+6 30
+1 30
+1 30
-1 90
+1 30
-1 30
+1 30
+1 30
+3 90
+4 30
-14 64
+10 6
183 2
-8 2
+95 5

fn=(150)
76 44
+9 4
-8 4
-1 8
+1 4
+8 4
+6 12
+15 4
+1 8
+2 4
+5 8
+14 28
+12 30
+4 10
-30 20
+16 4
+3 16
cfi=(20)
cfn=(54)
calls=4 +11 
* 284
* 8
+35 32

fn=(146)
380 5
+2 1
-2 3
+4 3
+2 24
cfn=(148)
calls=4 174 
* 2574
-2 4
+2 16
-2 8
+5 7

fl=(31)
fn=(92)
288 260
+1 104
cfi=(20)
cfn=(54)
calls=52 144 
* 1326
* 52
+1 52
-1 52
+3 52
+2 104
+6 49
+1 245
-3 53
-4 106
+1 168
cfi=(20)
cfn=(54)
calls=56 144 
* 1531
* 112
+6 3
-11 3
+11 12

fn=(132)
45 2
+7 1
-7 3
+7 1
-7 3
+7 1
cfi=(34)
cfn=(102)
calls=1 +32 
* 5
+1 2
+2 5
cfi=(36)
cfn=(110)
calls=1 -21 
* 9
* 2
+2 1
+3 1
-3 1
+3 1
+13 2
cfi=(34)
cfn=(122)
calls=1 +11 
* 5
+3 7
-14 6
cfi=(37)
cfn=(112)
calls=1 -29 
* 33
* 2

fl=(23)
fn=(100) open_verify.constprop.7
1456 22
+39 2
-39 6
+39 6
+31 8
cfi=(34)
cfn=(102)
calls=2 84 
* 10
+2 2
-2 2
+2 4
+10 2
+1 4
+5 12
cfi=(34)
cfn=(104)
calls=2 84 
* 10
+2 4
+2 2
+2 2
-2 2
+2 2
+6 4
+16 32
+59 4
+5 4
+2 8
+6 4
+11 4
+6 2
+1 2
-1 6
+1 6
+1 2
+20 82
+1 36
+4 8
+1 4
+9 18
+16 2
+3 1
+1 3
+1 1
-1 1
-1 1
+3 3
+1 3
+13 18
1572 2
1702 2
+1 2
-1 2
+1 2
-1 2
+1 2
-2 2
+4 6
+5 1
+1 4

fn=(96) expand_dynamic_string_token
362 7
+10 2
-10 1
+10 1
cfi=(32)
cfn=(94)
calls=1 24 
* 47
* 2
+4 1
+11 5
-11 1
cfi=(33)
cfn=(98)
calls=1 40 
* 88

fn=(64)
678 1
+13 2
-13 8
+13 3
cfi=(24)
cfn=(66)
calls=1 39 
* 355
+5 1
-5 1
+5 1
cob=(2)
cfi=(17)
cfn=(42)
calls=1 0 
* 19
+1 1
-2 1
+2 1
+8 2
-1 1
+1 3
-1 3
+4 4
cob=(2)
cfi=(17)
cfn=(42)
calls=1 0 
* 19
+2 1
-2 2
+2 2
+17 1
+1 1
-11 1
+22 1
-3 1
-20 1
+11 1
+3 1
+1 1
-1 1
+6 1
+1 4
+2 2
cfi=(25)
cfn=(70)
calls=1 91 
* 12
-12 1
+3 1
+7 1
+2 1
-14 2
+3 1
+2 2
-3 1
+4 2
cfi=(25)
cfn=(70)
calls=1 91 
* 12
+19 1
-11 1
+6 1
+1 1
+5 2
+2 4
+2 3
+38 2
+32 1
+1 8
-52 1
-2 2
+2 2
+14 2

fn=(106) _dl_map_object_from_fd
864 22
+10 2
-10 2
+10 2
-10 6
+10 2
cfi=(26)
cfn=(72)
calls=2 50 
* 16
fi=(35) /usr/src/debug/glibc-2.25-123-gedcf13e25c/elf/../sysdeps/posix/dl-fileid.h
35 6
fe=(23)
874 2
fi=(35)
35 2
cfi=(36)
cfn=(110)
calls=2 -1 
* 18
* 4
+4 2
fe=(23)
891 2
fi=(35)
38 2
+1 2
fe=(23)
891 27
+1 10
fi=(35)
47 13
fe=(23)
1407 18
909 4
+24 8
+10 4
+22 8
+32 4
875 2
1000 14
cfi=(16)
cfn=(36)
calls=2 61 
* 756
+1 2
-1 2
+1 2
+11 4
+5 2
-5 2
+1 2
+5 2
-5 2
+1 2
+2 2
-2 2
+2 4
+1 6
+20 2
-2 2
+10 2
-8 12
+8 2
-8 6
+8 2
1146 4
1039 2
-1 2
-5 2
1146 6
1046 32
-1 102
+1 95
+6 4
+1 6
+1 2
+9 20
+5 28
+7 20
+13 4
-1 4
+3 4
-4 4
+1 12
+1 4
-1 4
+1 4
+3 4
+4 4
-8 4
+1 4
+1 4
+1 4
+1 4
+4 4
+1 10
+5 2
-1 2
+1 4
-15 2
+14 2
+1 10
+10 2
-10 2
-1 2
+1 4
-15 2
+14 2
+1 10
+10 2
-54 2
+1 1
+56 3
+4 1
+1 1
+2 1
-1 1
-1 2
+1 1
+3 3
+1 1
+3 1
-3 1
+7 4
+6 1
cfi=(27)
cfn=(136)
calls=1 52 
* 6
* 2
+1 1
+19 4
+1 6
+1 2
-6 4
+1 2
+8 4
1013 2
1171 2
1013 2
1171 2
+10 6
fi=(38) /usr/src/debug/glibc-2.25-123-gedcf13e25c/elf/./dl-map-segments.h
56 4
fe=(23)
1181 6
fi=(38)
56 2
fe=(23)
1181 6
fi=(38)
56 2
-6 2
+6 4
-6 2
+6 2
cfi=(37)
cfn=(112)
calls=2 -23 
* 70
+4 2
-4 2
+4 2
+3 4
+1 2
+2 2
-2 2
-1 2
+3 2
+10 4
fi=(40) /usr/src/debug/glibc-2.25-123-gedcf13e25c/elf/./dl-load.h
+14 8
+1 6
+2 8
fi=(38)
+7 16
+6 2
+2 2
-2 2
+1 2
+2 4
-1 8
+8 6
+17 4
+12 4
-59 20
+2 12
+2 16
cfi=(37)
cfn=(112)
calls=2 -57 
* 62
* 4
fe=(23)
1193 8
+9 4
fi=(3)
39 2
fe=(23)
1202 2
fi=(3)
39 2
+6 2
-2 2
+2 4
+15 2
+5 2
+3 2
-1 2
-3 2
-3 40
+10 9
-26 27
+16 35
+10 35
-26 105
+26 2
-26 6
+2 92
+13 44
+2 8
+16 4
+20 7
+1 8
+1 8
+1 8
+2 8
+5 8
+1 7
+1 8
+6 6
+5 4
+7 4
+1 6
+16 6
+5 1
+2 1
-2 1
+2 1
+2 2
+2 2
+3 6
+10 2
-8 8
+8 2
+5 4
+3 4
fe=(23)
1209 4
+15 6
+19 4
+2 10
+54 6
+1 2
+3 2
cfi=(34)
cfn=(122)
calls=1 84 
* 5
* 2
cfi=(34)
cfn=(122)
calls=1 84 
* 5
* 4
+9 4
+2 6
+2 2
-2 2
+2 2
+16 4
cfi=(6)
cfn=(10)
calls=2 959 
* 46
+4 4
+1 4
+17 4
+9 2
-5 6
+5 2
+10 4
+10 6
cfi=(16)
cfn=(48)
calls=2 32 
* 82
+4 6
fi=(38)
73 8
-1 12
cfi=(39)
cfn=(116)
calls=2 +12 
* 10
* 2
fi=(3)
-7 8
+3 8
+1 2
+1 8
fe=(23)
1355 2
fi=(38)
119 4
+8 12
cfi=(25)
cfn=(70)
calls=2 -36 
* 291
* 6
fi=(3)
+48 3
-18 2
fi=(40)
-63 5
+2 1
-1 3
+1 1
-1 1
+1 2
-1 2
+3 4
fi=(38)
+39 8
cfi=(37)
cfn=(112)
calls=1 33 
* 31
+3 2
fe=(23)

fn=(90)
1897 21
+8 3
-8 6
+8 3
+1 12
+3 42
+5 49
+2 21
cfi=(31)
cfn=(92)
calls=7 288 
* 806
* 14
+4 12
+1 18
+3 2
+1 2
+1 2
-1 2
+1 2
cfi=(20)
cfn=(54)
calls=2 144 
* 75
* 4
2209 27
1943 6
+10 6
-54 2
+90 4
-2 2
+2 2
cfi=(32)
cfn=(94)
calls=2 24 
* 46
* 4
2140 6
cfn=(96)
calls=1 362 
* 155
* 1
-2 1
+3 5
+4 9
cfn=(100)
calls=1 1456 
* 188
+3 2
-3 1
+3 3
+12 3
+46 1
+1 3
-1 1
+1 9
cfn=(106)
calls=1 864 
* 1344
-1 1
+1 3
-1 1
+1 9
cfn=(106)
calls=1 864 
* 1753
* 6
1989 1
+4 2
cfi=(12)
cfn=(26)
calls=1 66 
* 16
* 1
+2 1
-2 1
+2 1
+7 4
655 3
2132 2
+28 4
+2 2
-95 1
-14 1
+14 1
+2 3
+4 2
cfi=(43)
cfn=(130)
calls=1 185 
* 1448
+2 1
-2 1
+2 1
+4 2
+8 3
+23 10
cfn=(100)
calls=1 1456 
* 200
+4 2
-4 1
+4 3
+1 2
-88 7
655 3
2037 2
-31 1
+1 2
-1 3
+8 7
-3 3
655 3
+9 3
2026 3
+18 2

ob=(5)
fl=(67)
fn=(240)
0 11
cob=(3)
cfi=(68)
cfn=(242)
calls=1 133 
0 134877398

fn=(268) numCreate
0 6
cob=(1)
cfi=(73)
cfn=(276)
calls=1 71 
0 60384
0 5
0 4
cob=(1)
cfi=(73)
cfn=(276)
calls=1 71 
0 831
0 5
0 9
cob=(3)
cfi=(75)
cfn=(282)
calls=1 2879 
0 183
0 1
0 6
cob=(3)
cfi=(83)
cfn=(316)
calls=1 66 
0 16
0 1
0 6
cob=(1)
cfi=(73)
cfn=(276)
calls=1 71 
0 850
0 5
0 40

fn=(338) numAdd
0 5075
cob=(3)
cfi=(75)
cfn=(282)
calls=725 2879 
0 144595
0 725
0 15225
cob=(3)
cfi=(75)
cfn=(282)
calls=725 2879 
0 143509
0 725
0 3795795
cfn=(336) numGetDigit
calls=757709 0 
0 18813835
0 4546254
cfn=(336)
calls=757709 0 
0 19693918
0 34858961

fn=(254) 0x0000000000400890
0 16

fn=(266)
0 23
cfn=(268)
calls=1 0 
0 62352
0 6
cob=(1)
cfi=(73)
cfn=(276)
calls=1 71 
0 916
0 5
0 38
cfn=(334) numMultiply
calls=7 0 
0 134811505
0 24
cfn=(340) numDestroy
calls=6 0 
0 2287
0 39

fn=(334)
0 49
cob=(3)
cfi=(75)
cfn=(282)
calls=7 2879 
0 836
0 7
0 126
cob=(3)
cfi=(75)
cfn=(282)
calls=7 2879 
0 1559
0 7
0 35
cob=(3)
cfi=(75)
cfn=(282)
calls=7 2879 
0 1465
0 7
0 3667
cob=(3)
cfi=(75)
cfn=(282)
calls=725 2879 
0 141498
0 725
0 5800
cfn=(336)
calls=725 0 
0 18850
0 7915451
cfn=(336)
calls=659198 0 
0 14368783
0 30329633
cfn=(338)
calls=725 0 
0 82018617
0 4390

fn=(248)
0 15
cob=(2)
cfi=(17)
cfn=(250)
calls=1 0 
0 6
0 8
cfn=(254)
calls=1 0 
0 16
0 11

fn=(336)
0 52895386

fn=(340)
0 48
cob=(3)
cfi=(75)
cfn=(346)
calls=5 2911 
0 622
cob=(1)
cfi=(73)
cfn=(276)
calls=1 71 
0 893
0 10
0 18
cob=(3)
cfi=(75)
cfn=(346)
calls=6 2911 
0 672
0 6
0 18

totals: 134985384
