version: 1
creator: callgrind-3.11.0
pid: 6751
cmd:  ./testArray
part: 1


desc: I1 cache: 
desc: D1 cache: 
desc: LL cache: 

desc: Timerange: Basic block 0 - 821476
desc: Trigger: Program termination

positions: line
events: Ir
summary: 4680147


ob=(2) ???
fl=(16) ???
fn=(478) 0x00000000004019c4
0 3

fn=(216) 0x0000000004a28530
0 6

fn=(486) 0x0000000004a28570
0 1
cob=(3) /lib/x86_64-linux-gnu/libc-2.23.so
cfi=(109) /build/glibc-Cl5G7W/glibc-2.23/stdlib/cxa_finalize.c
cfn=(488) __cxa_finalize
calls=1 31 
0 56

fn=(500) 0x0000000004a287b8
0 3

fn=(274) 0x00000000004006b8
0 6

fn=(360) 0x0000000004c498a0
0 2
cob=(3)
cfi=(75) /build/glibc-Cl5G7W/glibc-2.23/malloc/malloc.c
cfn=(300) malloc
calls=2 2902 
0 366

fn=(82) 0x0000000004000ab0
0 1
cob=(1) /lib/x86_64-linux-gnu/ld-2.23.so
cfi=(17) /build/glibc-Cl5G7W/glibc-2.23/elf/dl-minimal.c
cfn=(84) free
calls=1 120 
0 6

ob=(1)
fl=(2) /build/glibc-Cl5G7W/glibc-2.23/elf/rtld.c
fn=(92) handle_ld_preload
757 7
+1 1
-1 1
-75 1
+86 1
-11 1
-75 6
+80 3
fi=(31) /build/glibc-Cl5G7W/glibc-2.23/elf/../string/bits/string2.h
961 1
+1 145
+1 46
-2 46
+2 46
-2 139
+2 1
-2 3
fe=(2)
766 2
+10 4
108 3
779 2
677 1
+5 5
-10 1
+4 1
+1 1
+1 1
+2 1
+2 1
cfi=(32) /build/glibc-Cl5G7W/glibc-2.23/elf/dl-error.c
cfn=(96) _dl_catch_error
calls=1 163 
* 2434
+1 3
+13 3
+84 1
-18 3
+21 9
-15 4
cfi=(18) /build/glibc-Cl5G7W/glibc-2.23/string/../sysdeps/x86_64/multiarch/../memcpy.S
cfn=(46) memcpy
calls=1 61 
* 83
* 1
+1 2

fn=(102) map_doit
496 1
+2 1
-2 1
+3 8
cfi=(22) /build/glibc-Cl5G7W/glibc-2.23/elf/dl-load.c
cfn=(104) _dl_map_object
calls=1 2189 
* 2358
* 1
+2 2

fn=(52) rtld_lock_default_unlock_recursive
710 10

fn=(160) init_tls
589 1
+6 1
-6 1
+2 2
+4 1
+10 4
cfi=(17)
cfn=(36) calloc
calls=1 103 
* 38
* 1
+11 1
-5 1
-7 1
+6 1
+2 1
-1 1
+5 1
+2 1
-1 1
+1 10
+2 8
+4 1
+2 1
-2 2
-5 8
+9 3
+3 1
cfi=(30) /build/glibc-Cl5G7W/glibc-2.23/elf/dl-tls.c
cfn=(162) _dl_determine_tlsoffset
calls=1 138 
* 71
+7 1
cfi=(30)
cfn=(164) _dl_allocate_tls_storage
calls=1 354 
* 439
+1 1
-1 1
+1 1
+6 1
+3 1
-3 1
+3 6
+3 1
+2 1
+1 2

fn=(26) dl_main
790 1
+19 1
-19 7
2390 1
790 3
+19 1
+3 1
-22 1
2385 1
812 1
+4 2
+1 2
+5 2
2383 2
+7 4
-4 1
+4 8
+2 2
cfi=(13) /build/glibc-Cl5G7W/glibc-2.23/elf/dl-environ.c
cfn=(28) _dl_next_ld_env_entry
calls=1 30 
* 34
* 4
cfi=(13)
cfn=(28)
calls=2 30 
* 137
* 9
+4 50
+1 19
-1 57
+3 4
+6 14
2553 3
+30 3
832 3
1033 7
cfi=(15) /build/glibc-Cl5G7W/glibc-2.23/elf/dl-object.c
cfn=(32) _dl_new_object
calls=1 61 
* 250
+2 1
-2 1
+2 1
+1 1
+1 1
+5 2
-5 1
+1 2
+4 1
cfi=(15)
cfn=(48) _dl_add_to_namespace_list
calls=1 32 
* 33
+1 3
799 1
1072 1
-3 1
-5 1
+1 1
+2 1
+5 7
+56 5
-55 24
-1 27
+1 47
1175 5
+3 2
+2 2
+2 3
+13 3
+1 6
cfi=(19) /build/glibc-Cl5G7W/glibc-2.23/string/../sysdeps/x86_64/multiarch/../strcmp.S
cfn=(54) strcmp
calls=1 144 
* 44
* 2
+7 1
+3 1
-5 1
+3 1
+2 1
+1 2
+4 2
+2 2
fi=(3) /build/glibc-Cl5G7W/glibc-2.23/elf/get-dynamic-info.h
30 1
+9 2
+6 1
-2 1
+2 2
+15 1
+5 1
+3 1
+2 1
-3 1
-3 1
-3 14
+10 3
-26 9
+16 19
+10 19
-26 57
+26 1
-26 3
+2 46
+13 16
+2 4
+16 3
+38 3
+5 2
+7 2
+1 3
+16 3
+14 3
+18 2
fe=(2)
1218 2
cfi=(6) /build/glibc-Cl5G7W/glibc-2.23/elf/dl-lookup.c
cfn=(10) _dl_setup_hash
calls=1 956 
* 23
+3 2
fi=(20) /build/glibc-Cl5G7W/glibc-2.23/elf/setup-vdso.h
24 2
fe=(2)
1243 1
cfi=(9) /build/glibc-Cl5G7W/glibc-2.23/elf/../sysdeps/unix/sysv/linux/dl-sysdep.c
cfn=(60) _dl_discover_osversion
calls=1 45 
* 85
* 8
-75 2
+1 2
+1 1
-6 2
+1 1
-88 3
+1 1
+50 2
-1 8
+2 4
+1 1
+3 2
+1 2
-1 2
+1 2
+1 2
+1 6
+1 2
-43 1
-2 2
+27 1
-25 2
+7 1
-10 1
+10 1
-19 3
+1 1
fi=(3)
65 4
+3 4
+2 4
fe=(2)
2480 1
+1 1
-1 2
+1 3
cfi=(14) /build/glibc-Cl5G7W/glibc-2.23/string/../sysdeps/x86_64/multiarch/../memcmp.S
cfn=(30) bcmp
calls=1 24 
* 31
* 2
-55 4
cfi=(14)
cfn=(30)
calls=1 24 
* 18
* 2
+7 4
cfi=(14)
cfn=(30)
calls=1 24 
* 36
* 2
+2 3
+48 3
1248 2
cfi=(22)
cfn=(64) _dl_init_paths
calls=1 689 
* 1578
+3 3
cfi=(29) /build/glibc-Cl5G7W/glibc-2.23/elf/dl-debug.c
cfn=(86) _dl_debug_initialize
calls=1 50 
* 17
+7 1
-7 1
+2 1
+5 1
+3 3
+1 1
+3 1
-3 3
+1 2
+3 1
+5 1
-7 1
+7 1
+1 5
+17 2
+1 2
+5 1
-3 4
+2 2
+1 3
+5 3
+1 5
+2 2
+1 2
+5 2
+5 1
805 1
1314 2
1491 1
cfi=(30)
cfn=(88) _dl_count_modids
calls=1 115 
* 4
* 1
+8 3
+3 1
+4 3
+5 1
+1 1
cfi=(29)
cfn=(90) _dl_debug_state
calls=1 74 
* 1
+1 1
+4 3
+15 3
+4 1
-2 1
+2 2
+2 3
+1 1
-1 2
+1 1
cfn=(92)
calls=1 757 
* 3014
* 1
+1 1
+2 6
+10 3
cfi=(24) /build/glibc-Cl5G7W/glibc-2.23/io/../sysdeps/unix/syscall-template.S
cfn=(68) access
calls=1 84 
* 9
* 2
+77 1
-96 1
+96 3
+17 3
+1 1
-1 1
+1 2
-1 1
+1 5
cfi=(41) /build/glibc-Cl5G7W/glibc-2.23/elf/dl-deps.c
cfn=(134) _dl_map_object_deps
calls=1 161 
* 6923
+1 1
+2 2
+3 1
-3 3
+3 1
-3 1
+3 3
+1 4
-1 2
+1 12
-1 6
+4 3
+1 3
+1 1
+2 2
+1 6
-1 5
+1 5
-1 3
-3 1
+16 1
+1 2
-1 1
+1 1
+2 1
+2 3
+2 1
-4 1
+5 1
-1 2
+14 2
+1 2
+1 3
+11 1
+2 1
-2 1
+2 2
-1 1
+1 1
-2 3
+2 1
cfi=(32)
cfn=(150) _dl_receive_error
calls=1 205 
* 2860
+10 1
+1 1
-1 1
+1 1
+1 1
cfn=(160)
calls=1 589 
* 619
* 1
+2 2
719 1
+2 3
fi=(112) /build/glibc-Cl5G7W/glibc-2.23/elf/../sysdeps/unix/sysv/linux/dl-osinfo.h
77 1
fe=(2)
730 1
+7 1
-5 1
1729 3
1959 3
2129 4
+2 1
+5 3
cfi=(30)
cfn=(202) _dl_allocate_tls_init
calls=1 450 
* 147
+3 2
+9 3
+2 2
+15 1
+2 1
-2 2
+3 1
-3 1
+3 1
-3 1
+3 3
cfi=(45) /build/glibc-Cl5G7W/glibc-2.23/elf/dl-reloc.c
cfn=(166) _dl_relocate_object
calls=1 149 
* 3984
+1 1
+2 6
+8 1
cfi=(7) /build/glibc-Cl5G7W/glibc-2.23/elf/../elf/dl-sysdep.c
cfn=(204) _dl_sysdep_start_cleanup
calls=1 256 
* 1
+4 3
+20 3
cfi=(29)
cfn=(86)
calls=1 50 
* 8
+1 1
-1 1
+2 1
cfi=(29)
cfn=(90)
calls=1 74 
* 1
+1 1
+4 1
cfi=(43) /build/glibc-Cl5G7W/glibc-2.23/elf/dl-cache.c
cfn=(206) _dl_unload_cache
calls=1 322 
* 15
+5 8
2080 3
+7 1
+2 3
+19 1
-19 4
+2 1
+2 12
+5 8
+2 8
+6 4
+2 8
+1 24
cfi=(45)
cfn=(166)
calls=3 149 
* 66343
+4 14
-22 10
+25 1
+2 5
+6 1
-6 1
+6 1
-10 2
cfi=(30)
cfn=(200) _dl_add_to_slotinfo
calls=1 890 
* 20
* 1
-12 1
+1 1
-3 2
-85 1
+11 1
-7 1
-4 1
+4 3
+4 2
+3 1
1672 2
-39 5
+1 1
-1 3
+4 3
+1 1
+1 2
+1 2
1237 3

fn=(50) rtld_lock_default_lock_recursive
704 10

fn=(2) _dl_start
353 9
+18 4
fi=(5) /build/glibc-Cl5G7W/glibc-2.23/elf/../sysdeps/x86_64/dl-machine.h
59 1
fe=(2)
371 1
fi=(3)
45 1
fi=(5)
+14 2
fe=(2)
397 1
fi=(3)
45 1
fe=(2)
394 1
fi=(3)
45 1
+25 2
-3 1
-7 1
+5 1
+3 1
+2 1
-3 1
-3 1
-3 2
-13 26
+23 13
-26 39
+26 1
-26 3
+2 36
+13 20
+1 16
+10 4
-26 12
+33 2
+20 4
+1 4
+1 4
+1 4
+2 4
+5 4
+1 4
+1 4
+6 3
+5 2
+7 3
+1 3
+8 3
+2 3
+3 2
+1 2
fe=(2)
408 2
302 1
415 1
302 1
cfi=(6)
cfn=(10)
calls=1 956 
* 23
+1 2
+1 2
+1 2
+1 2
+8 1
+9 1
-9 3
+9 1
-6 1
-3 1
+9 1
cfi=(7)
cfn=(12) _dl_sysdep_start
calls=1 86 
* 87949
* 1
+9 1
+3 4
+4 1
-4 1
+4 1
440 9
fi=(3)
62 4
+3 4
fe=(2)
413 26
fi=(4) /build/glibc-Cl5G7W/glibc-2.23/elf/do-rel.h
84 1
+27 1
-28 1
+28 2
+1 2
fi=(5)
517 2
fi=(4)
112 18
fi=(5)
517 18
+1 20
fi=(4)
111 20
fi=(5)
518 10
fi=(4)
111 10
+5 2
+8 1
fi=(5)
312 1
fi=(4)
124 2
+12 1
+1 3
fi=(5)
266 1
fi=(4)
137 1
fi=(5)
294 1
fi=(4)
137 2
fi=(5)
294 1
fi=(4)
136 5
+1 15
fi=(5)
266 5
fi=(4)
137 5
fi=(5)
294 5
fi=(4)
137 10
fi=(5)
294 5
+9 12
+3 6
-3 12
+3 18
+6 36
fi=(3)
68 4
+2 3
fi=(5)
425 12
fi=(4)
124 19
fe=(2)

fn=(98) _dl_initial_error_catch_tsd
664 8

fn=(152) version_check_doit
529 2
+2 4
cfi=(44) /build/glibc-Cl5G7W/glibc-2.23/elf/dl-version.c
cfn=(154) _dl_check_all_versions
calls=1 380 
* 2820
* 2
+4 2

fl=(36) /build/glibc-Cl5G7W/glibc-2.23/io/../sysdeps/unix/sysv/linux/wordsize-64/fxstat.c
fn=(120) _fxstat
34 3
-1 3
+1 3
+1 18
+4 3

fl=(41)
fn=(136) openaux
60 4
+7 2
-4 22
cfi=(22)
cfn=(104)
calls=2 2189 
* 5369
* 2
+5 4

fn=(134)
161 1
-1 1
+1 1
-1 4
+1 1
-1 2
+1 1
-1 2
+1 1
-1 2
+1 3
-15 1
+15 1
-17 1
+1 1
+1 1
+6 4
+26 1
-26 1
+26 7
-34 1
+2 1
+33 2
-33 1
-2 1
+2 2
-2 1
+1 1
+1 1
+6 3
+26 1
-26 1
+26 5
+4 1
+21 1
+1 1
-22 2
+19 1
-12 1
+15 1
-16 2
+13 1
317 9
217 1
-4 1
-4 1
+8 4
-4 3
-4 3
+8 3
+12 8
+2 2
+11 2
-5 2
-6 4
+5 2
+2 4
+1 4
+3 14
+50 6
+1 3
-51 192
+1 96
+6 10
cfi=(27) /build/glibc-Cl5G7W/glibc-2.23/string/../sysdeps/x86_64/multiarch/../strchr.S
cfn=(74) index
calls=2 24 
* 70
* 4
+5 10
-3 2
+3 2
cfi=(32)
cfn=(96)
calls=2 -91 
* 5527
+2 6
+15 2
+2 4
+5 2
+6 2
+2 2
-8 4
+3 2
+1 2
+1 2
+1 2
+4 12
+7 138
459 12
+2 6
+2 6
cfi=(17)
cfn=(40) malloc
calls=2 94 
* 58
* 2
+2 2
-2 2
+2 2
+4 8
-1 2
+1 2
cfi=(18)
cfn=(46)
calls=2 61 
* 41
+1 10
cfi=(18)
cfn=(46)
calls=2 61 
* 41
+4 2
-1 2
+5 22
+7 6
+1 1
+3 5
+10 4
cfi=(17)
cfn=(40)
calls=1 94 
* 29
* 1
+3 1
-3 1
+3 1
+5 6
+1 1
-1 3
+1 2
+8 2
+4 3
-4 1
-6 3
-2 3
+8 6
+4 9
-4 3
-6 9
+13 3
+51 3
+2 3
+42 1
-4 1
+5 2
-1 4
+1 2
cfi=(26) /build/glibc-Cl5G7W/glibc-2.23/string/../sysdeps/x86_64/multiarch/../memset.S
cfn=(72) memset
calls=1 53 
* 15
* 1
-2 9
+7 1
-1 1
+1 1
-1 2
+7 1
-7 1
+7 2
-13 2
+7 2
-1 2
+1 2
-1 4
+7 2
-7 2
+7 6
+2 8
+1 4
-1 4
+1 3
+2 9
+1 6
+28 18
cfi=(26)
cfn=(72)
calls=2 53 
* 37
* 10
-6 3
-28 6
+31 10
-6 2
+16 2
+2 1
+1 1
-1 1
+2 3
+7 3
+3 3
+3 8
481 9
-1 4
+1 9
202 2
+27 8
-19 4
+8 25
+2 2
+2 8
+2 30
338 6
611 8
cfi=(18)
cfn=(46)
calls=1 61 
* 28
+2 1
-38 1
+38 1
209 2

fl=(10) /build/glibc-Cl5G7W/glibc-2.23/elf/../sysdeps/unix/sysv/linux/x86_64/brk.c
fn=(18) brk
31 7
+8 1
-6 2
+7 1

fl=(42) /build/glibc-Cl5G7W/glibc-2.23/io/../sysdeps/unix/sysv/linux/wordsize-64/xstat.c
fn=(140) _xstat
34 4
-1 4
+1 4
+1 24
+4 1
-4 12

fl=(34) /build/glibc-Cl5G7W/glibc-2.23/elf/dl-misc.c
fn=(106) _dl_name_match_p
288 230
+1 92
cfi=(19)
cfn=(54)
calls=46 144 
* 1554
* 46
+1 46
-1 46
+3 46
+2 92
+4 47
-4 94
+1 150
cfi=(19)
cfn=(54)
calls=50 144 
* 1774
* 100
-5 3
+11 58
-1 43
+1 172

fn=(144) _dl_sysdep_read_whole_file
45 2
+7 1
-7 3
+7 1
-7 3
+7 1
cfi=(24)
cfn=(110) open
calls=1 +32 
* 5
+1 2
+2 5
cfi=(36)
cfn=(120)
calls=1 -21 
* 10
* 2
+2 1
+3 1
-3 1
+3 1
+13 2
cfi=(24)
cfn=(132) close
calls=1 +11 
* 5
+3 7
-14 6
cfi=(37) /build/glibc-Cl5G7W/glibc-2.23/misc/../sysdeps/unix/sysv/linux/wordsize-64/mmap.c
cfn=(122) mmap
calls=1 -29 
* 33
* 2

fl=(22)
fn=(104)
2189 21
+8 3
-8 6
+8 3
+1 12
+3 42
+5 49
+2 21
cfi=(34)
cfn=(106)
calls=7 288 
* 920
* 14
+4 12
+1 18
+3 2
+2 8
cfi=(19)
cfn=(54)
calls=2 144 
* 48
* 4
2500 24
2235 10
+9 2
-53 2
+53 4
+36 4
-2 2
+2 2
cfi=(27)
cfn=(74)
calls=2 24 
* 46
* 4
2431 2
383 3
cfi=(27)
cfn=(74)
calls=1 24 
* 47
* 2
+4 2
cfi=(28) /build/glibc-Cl5G7W/glibc-2.23/string/strdup.c
cfn=(80) strdup
calls=1 40 
* 128
2432 1
-3 1
+3 2
+4 9
cfn=(108) open_verify.constprop.7
calls=1 1717 
* 299
+3 1
-3 1
+3 3
+12 3
+46 1
+1 3
-1 1
+1 9
cfn=(114) _dl_map_object_from_fd
calls=1 893 
* 1444
-1 1
+1 3
-1 1
+1 9
cfn=(114)
calls=1 893 
* 1789
* 6
2284 2
cfi=(11) /build/glibc-Cl5G7W/glibc-2.23/string/../sysdeps/x86_64/strlen.S
cfn=(22) strlen
calls=1 66 
* 16
* 1
+2 1
-2 1
+2 1
+7 4
+35 2
+1 14
cfn=(138) open_path
calls=1 2040 
* 777
+6 2
-6 1
+6 3
666 1
2336 1
666 2
2423 2
+28 3
+2 4
2297 1
+5 1
-5 1
+5 1
+3 2
-3 1
+3 7
-3 3
666 1
2303 1
666 2
2358 1
-14 1
+14 1
+2 3
+4 2
cfi=(43)
cfn=(142) _dl_load_cache_lookup
calls=1 185 
* 1396
+2 1
-2 1
+2 1
+4 2
+8 3
+23 10
cfn=(108)
calls=1 1717 
* 370
+4 1
-4 1
+4 3
+1 2
-89 3
+1 8
666 1
2319 1
666 2

fn=(138)
2040 8
+1 1
+6 1
-6 1
+6 1
+5 9
+52 1
-59 1
-1 1
+60 1
-52 8
+74 4
-62 1
-9 1
+9 1
+7 4
cfi=(25) /build/glibc-Cl5G7W/glibc-2.23/string/../sysdeps/x86_64/memcpy.S
cfn=(70) mempcpy
calls=1 61 
* 31
+1 1
-1 1
+1 5
+20 8
-20 15
+3 8
+5 8
-1 4
+1 8
-1 12
cfi=(25)
cfn=(70)
calls=4 61 
* 85
* 16
cfi=(25)
cfn=(70)
calls=4 61 
* 92
-1 4
+7 4
-7 4
+7 4
+3 36
cfn=(108)
calls=4 1717 
* 176
* 4
+2 20
+67 7
+7 1
-2 1
+2 3
+3 3
+14 1
-27 1
+27 7
-84 8
+1 36
+6 4
+2 4
-2 4
+2 8
-2 4
+2 4
cfi=(42)
cfn=(140)
calls=4 34 
* 49
* 8
+1 1
+2 1
-2 1
+2 7
+7 3
-7 3
+7 9
-30 3
+23 6

fn=(114)
893 22
+10 2
-10 2
+10 2
-10 6
+10 2
cfi=(29)
cfn=(86)
calls=2 50 
* 16
fi=(35) /build/glibc-Cl5G7W/glibc-2.23/elf/../sysdeps/posix/dl-fileid.h
37 6
fe=(22)
903 2
fi=(35)
37 2
cfi=(36)
cfn=(120)
calls=2 -3 
* 20
* 4
+4 2
fe=(22)
919 2
fi=(35)
40 2
+1 2
fe=(22)
919 29
+1 10
fi=(35)
49 12
fe=(22)
1465 16
937 4
+24 4
+10 4
+22 8
+32 4
904 2
1028 14
cfi=(15)
cfn=(32)
calls=2 61 
* 882
+1 2
-1 2
+1 2
+11 4
+1 2
-1 2
+2 2
-1 2
+4 2
-1 4
-2 2
+2 4
+1 6
+1 2
+19 2
-2 2
+10 2
-8 12
+8 2
-8 6
+8 2
+87 2
+8 2
-8 8
+8 2
-8 6
-86 32
-1 136
+1 95
+6 4
+1 6
+1 2
+9 20
+5 32
+9 12
-1 12
+1 4
+1 8
+2 4
-2 4
+1 4
-1 4
+3 4
+4 4
-7 4
+2 4
+1 4
+4 4
+1 12
+4 6
-14 2
+14 12
+11 2
-11 6
-14 2
+14 12
+11 2
-44 2
+1 1
+46 3
+4 1
+1 1
+1 1
-1 2
+1 1
+3 3
+1 1
+3 1
-3 1
+7 4
+6 1
cfi=(30)
cfn=(148) _dl_next_tls_modid
calls=1 49 
* 8
* 2
+1 1
+59 4
+1 6
+1 2
-6 4
+1 2
+8 6
1041 2
1229 2
1041 2
1229 2
+10 6
fi=(38) /build/glibc-Cl5G7W/glibc-2.23/elf/./dl-map-segments.h
56 4
fe=(22)
1239 6
fi=(38)
56 2
fe=(22)
1239 2
fi=(38)
56 2
fe=(22)
1239 4
fi=(38)
56 12
cfi=(37)
cfn=(122)
calls=2 -23 
* 70
+4 2
-4 2
+4 4
+3 4
+1 2
+2 2
-2 2
-1 2
+3 2
+10 4
fi=(40) /build/glibc-Cl5G7W/glibc-2.23/elf/./dl-load.h
+14 8
+1 6
+2 8
fi=(38)
+7 16
+6 2
+2 2
-2 2
+1 2
+2 2
-1 2
+1 2
-1 6
+8 4
+17 4
+12 4
-59 20
+2 4
+2 2
-2 4
+2 20
cfi=(37)
cfn=(122)
calls=2 -57 
* 62
* 6
fe=(22)
1251 8
+9 4
fi=(3)
39 2
fe=(22)
1260 2
fi=(3)
39 2
+6 2
-2 2
+2 4
+15 2
+5 2
+3 2
-1 2
-3 2
-3 36
+10 8
-26 24
+16 35
+10 35
-26 105
+26 2
-26 6
+2 90
+13 40
+2 8
+3 8
+13 4
+20 7
+1 8
+1 8
+1 8
+2 8
+5 8
+1 7
+1 8
+6 6
+5 4
+7 4
+1 6
+16 6
+5 1
+2 1
-2 1
+2 1
+2 2
+2 2
+3 6
+10 1
-8 4
+8 1
+5 2
+3 4
fe=(22)
1267 4
+15 6
+19 4
+2 10
+54 6
+1 2
+3 2
cfi=(24)
cfn=(132)
calls=1 84 
* 5
* 2
cfi=(24)
cfn=(132)
calls=1 84 
* 5
* 4
+9 4
+2 6
+2 2
-2 2
+2 2
+16 4
cfi=(6)
cfn=(10)
calls=2 956 
* 46
+4 4
+1 4
+17 4
+9 2
-5 6
+5 2
+10 4
+10 6
cfi=(15)
cfn=(48)
calls=2 32 
* 82
+4 8
fi=(3)
68 8
+2 10
fe=(22)
1413 2
fi=(38)
119 4
+8 16
cfi=(26)
cfn=(72)
calls=2 -74 
* 283
* 8
-54 8
-1 12
cfi=(39) /build/glibc-Cl5G7W/glibc-2.23/misc/../sysdeps/unix/syscall-template.S
cfn=(126) mprotect
calls=2 +12 
* 10
* 2
fi=(40)
+22 5
+1 11
+3 4
fi=(38)
+39 9
cfi=(37)
cfn=(122)
calls=1 33 
* 31
+3 3
fe=(22)
1255 2

fn=(108)
1717 66
+39 6
-39 18
+39 22
+31 24
cfi=(24)
cfn=(110)
calls=6 84 
* 46
+2 6
-2 6
+2 8
+10 2
+1 4
+5 16
cfi=(24)
cfn=(112) read
calls=2 84 
* 10
+2 4
+2 2
+2 2
-2 4
+2 2
+6 4
+16 8
cfi=(14)
cfn=(30)
calls=2 24 
* 57
* 18
cfi=(14)
cfn=(30)
calls=2 24 
* 72
* 4
+74 4
+5 4
+2 8
+6 4
+11 4
+6 2
+1 2
-1 8
+1 2
-1 2
+1 4
+1 6
+20 106
+2 36
+4 8
+1 6
+12 14
+4 6
+5 1
+1 1
-13 4
cfi=(14)
cfn=(30)
calls=1 24 
* 25
* 8
cfi=(14)
cfn=(30)
calls=2 24 
* 60
* 6
+16 2
+3 7
+3 3
+1 5
-39 2
+67 20
-23 4
+23 28
1826 2
+7 4
cfi=(14)
cfn=(30)
calls=1 24 
* 24
* 2

fn=(76) fillin_rpath
444 7
+2 1
-2 9
+4 3
cfi=(17)
cfn=(78) strsep
calls=1 -94 
* 238
* 3
cfi=(17)
cfn=(78)
calls=1 -94 
* 6
* 6
+7 2
+35 15
+1 8
+55 2
+2 2
cob=(2)
cfi=(16)
cfn=(82)
calls=1 0 
* 7
* 1
-39 2
+4 2
-1 4
cfi=(17)
cfn=(40)
calls=1 94 
* 29
* 1
+3 1
-3 1
+3 2
+5 1
+1 2
-2 1
+2 1
cfi=(25)
cfn=(70)
calls=1 61 
* 31
+3 1
-3 1
+1 1
+2 1
+6 2
+1 1
-1 2
+1 13
+1 11
-1 2
+3 2
+1 3
+7 1
+1 1
-1 2
383 3
cfi=(27)
cfn=(74)
calls=1 24 
* 23
* 2
+4 2
cfi=(28)
cfn=(80)
calls=1 40 
* 94
* 1
+74 2
+5 2
cfi=(11)
cfn=(22)
calls=1 66 
* 16
+1 2
+7 6
+9 1
-4 3
+4 2
+26 2
+43 1
+3 9
-15 2
-9 2
-57 2

fn=(64)
689 1
+13 2
-13 8
+13 3
cfi=(23) /build/glibc-Cl5G7W/glibc-2.23/elf/dl-hwcaps.c
cfn=(66) _dl_important_hwcaps
calls=1 39 
* 398
+5 1
-5 1
+5 1
cfi=(17)
cfn=(40)
calls=1 94 
* 29
* 1
+1 1
-2 1
+2 2
+8 1
-1 1
+1 3
-1 3
+4 4
cfi=(17)
cfn=(40)
calls=1 94 
* 29
* 1
+2 1
-2 1
+2 1
+17 2
+9 2
-19 1
+11 1
-1 1
+3 1
+1 1
-15 2
+23 1
-9 1
+9 5
-3 17
cfi=(26)
cfn=(72)
calls=4 53 
* 60
+3 27
-14 3
+2 3
+1 3
+2 6
-3 3
+4 9
+4 3
-3 3
+3 3
+1 3
-4 9
+4 3
+14 1
-11 1
+6 1
+1 1
+5 1
-12 1
+12 1
+2 4
+2 3
+38 5
+6 3
cfi=(27)
cfn=(74)
calls=1 24 
* 23
* 2
+2 3
cfi=(11)
cfn=(22)
calls=1 66 
* 16
* 8
cfi=(18)
cfn=(46)
calls=1 61 
* 31
* 1
+17 133
+5 1
cfi=(17)
cfn=(40)
calls=1 94 
* 29
* 1
+1 1
-2 1
+2 1
+6 9
cfn=(76)
calls=1 444 
* 609
+4 5
+6 1
+4 8
-70 1
-2 1
+2 2
+14 2

fl=(45)
fn=(166)
149 40
+15 4
-15 8
+15 4
+1 24
+6 8
+6 12
-18 8
+22 8
+7 4
-32 4
+32 4
+44 4
fi=(5)
76 12
fe=(45)
232 8
fi=(5)
76 12
+6 6
+4 9
+14 3
-8 3
+10 3
-2 6
+20 6
+9 3
fe=(45)
258 164
-98 18
fi=(5)
301 24
fe=(45)
-43 3
fi=(4)
58 3
-10 3
-1 6
+11 3
-11 3
+11 3
fe=(45)
258 1
-98 6
fi=(5)
301 8
fe=(45)
-43 1
fi=(4)
58 1
-10 1
-1 2
+11 1
-11 1
+11 1
fe=(45)
258 4
fi=(4)
58 4
-10 4
-1 8
+11 4
-11 4
+11 4
+3 15
fi=(5)
528 38
+4 38
+2 57
+1 19
fi=(4)
61 78
+2 108
+2 26
-4 3
+13 6
+1 5
+1 16
fi=(5)
528 8
+26 8
fi=(4)
75 8
fi=(5)
554 16
cob=(3)
cfi=(53) ???
cfn=(198) memcpy@GLIBC_2.2.5
calls=1 0 
* 11
cob=(3)
cfi=(52) /build/glibc-Cl5G7W/glibc-2.23/time/../sysdeps/unix/sysv/linux/x86/gettimeofday.c
cfn=(194) gettimeofday
calls=1 37 
* 66
cob=(3)
cfi=(51) /build/glibc-Cl5G7W/glibc-2.23/string/../sysdeps/x86_64/multiarch/strspn.S
cfn=(192) strspn
calls=1 30 
* 6
cob=(3)
cfi=(50) /build/glibc-Cl5G7W/glibc-2.23/string/../sysdeps/x86_64/multiarch/strcspn.S
cfn=(190) strpbrk
calls=1 45 
* 6
cob=(3)
cfi=(46) /build/glibc-Cl5G7W/glibc-2.23/string/../sysdeps/x86_64/multiarch/strcmp.S
cfn=(188) strncasecmp
calls=1 129 
* 5
cob=(3)
cfi=(50)
cfn=(186) strcspn
calls=1 45 
* 6
cob=(3)
cfi=(47) /build/glibc-Cl5G7W/glibc-2.23/time/../sysdeps/unix/sysv/linux/x86/time.c
cfn=(180) time
calls=1 38 
* 66
cob=(3)
cfi=(46)
cfn=(178) strcasecmp
calls=1 109 
* 5
fi=(4)
75 8
fi=(5)
555 8
fi=(4)
75 11
fe=(45)
258 2
fi=(4)
75 14
fe=(45)
258 14
+3 16
+24 4
+3 8
+17 12
+2 32
fi=(4)
84 5
-1 5
+3 10
-3 5
+3 5
+12 15
+10 6
+3 8
fi=(5)
512 2
fi=(4)
112 4
fi=(5)
512 1194
fi=(4)
112 2380
fi=(5)
512 2380
+5 2384
+1 2384
fi=(4)
111 2384
fi=(5)
518 1192
fi=(4)
111 1192
+7 15
+6 4
-3 8
+3 10
fi=(5)
447 9
fi=(4)
127 372
+9 186
+3 93
-3 93
+3 93
fi=(5)
269 93
fi=(4)
138 93
-2 93
+1 372
fi=(5)
269 93
+21 186
+4 186
+7 1774
fi=(4)
137 75
fi=(5)
301 150
fi=(4)
137 75
fi=(5)
301 75
fi=(4)
137 75
fi=(5)
301 150
fi=(4)
137 1
fi=(5)
301 2
fi=(4)
137 1
fi=(5)
301 1
fi=(4)
137 1
fi=(5)
301 1066
cfi=(6)
cfn=(172) _dl_lookup_symbol_x
calls=76 806 
* 42304
* 608
+2 237
+3 91
-3 182
+3 273
+6 558
fe=(45)
178 8
fi=(5)
435 234
fi=(4)
124 285
+19 6
fi=(5)
301 57
fi=(4)
108 3
fi=(5)
407 42
+4 70
+14 70
+49 3
+4 7
cfi=(18)
cfn=(46)
calls=1 61 
* 18
+2 4
+1 1
fe=(45)
313 20
+3 4
-3 8
+3 4
+4 8
+1 16
cfi=(39)
cfn=(126)
calls=4 84 
* 20
* 12
fi=(5)
123 15
+6 12
fe=(45)
258 3
fi=(4)
129 8
fi=(5)
301 87
fi=(4)
160 7
+2 20
+8 10
+1 5
-1 5
+1 5
fi=(5)
+98 5
fi=(4)
-99 15
fi=(5)
+99 5
+21 10
+4 10
+7 180
cfi=(6)
cfn=(172)
calls=5 806 
* 2409
* 35
+2 15
+3 1
-3 2
+3 3
+6 30
435 15
fi=(4)
160 17
+14 2
fi=(5)
301 6
fe=(45)

fl=(11)
fn=(22)
66 13
+1 13
+1 13
+1 13
+1 13
+1 13
+1 13
+2 13
+2 13
+30 12
+1 12
+1 12
+1 12
+1 12
+1 6
+1 6
+4 6
+1 6
+1 6
+1 6
+1 6
+1 6
+1 6
+1 6
+1 6
+1 6
+1 6
+1 6
+5 48
+4 1
+1 14
+1 8

fl=(67) /build/glibc-Cl5G7W/glibc-2.23/elf/../elf/dl-runtime.c
fn=(262) _dl_fixup
66 18
+5 18
-5 9
+3 18
+3 9
-1 18
-3 9
+5 54
+1 9
-1 9
+1 18
+5 18
+4 18
+4 27
+4 9
+1 45
+2 36
+7 18
-1 9
+1 9
+10 81
cfi=(6)
cfn=(172)
calls=9 806 
* 6994
* 9
+4 45
+10 54
+16 9
-8 9
+8 27
+4 27
fi=(5)
+90 9
fe=(67)
-86 27

fl=(15)
fn=(32)
61 42
+1 3
cfi=(11)
cfn=(22)
calls=3 +4 
* 66
+6 3
-6 6
+6 6
+7 12
cfi=(17)
cfn=(36)
calls=3 +28 
* 171
* 3
+3 3
-3 3
+3 3
+4 3
+5 6
-6 3
+6 3
-5 3
+3 6
+2 3
cfi=(18)
cfn=(46)
calls=3 -26 
* 88
+10 3
-10 3
+10 3
-8 3
+9 6
-1 9
+1 9
+3 3
-4 3
+1 3
+3 3
+9 3
-7 3
+4 3
+3 9
+2 2
-2 2
+2 30
-2 30
+12 3
+6 3
-5 3
-1 3
+6 15
+2 2
+3 2
-3 2
+3 2
-3 4
+7 6
+4 4
+2 5
+6 1
+6 1
-3 2
+3 4
-3 4
+3 4
+2 6
cfi=(11)
cfn=(22)
calls=2 -91 
* 68
+4 2
-4 8
+4 6
+64 4
+4 24
68 30
+34 8
+39 8
+70 6
cfi=(25)
cfn=(70)
calls=2 61 
* 71
* 42
+6 40
-1 40
+1 42
-1 2
+1 6
+5 4
-89 2
+32 4
cfi=(17)
cfn=(40)
calls=2 -71 
* 58
* 2
+1 2
-1 2
+1 6
+2 1
-35 2

fn=(48)
32 15
+2 6
cfi=(2)
cfn=(50)
calls=3 704 
* 6
+2 3
-2 3
+2 19
+3 15
+2 2
+2 2
+4 2
+4 2
-4 4
+1 2
+4 4
-4 2
+1 2
+3 2
-3 2
+2 2
cfi=(2)
cfn=(52)
calls=2 710 
* 4
-4 1
+4 1
-4 2
+1 1
+4 2
-4 1
+1 1
+3 1
-3 1
+2 1
cfi=(2)
cfn=(52)
calls=1 710 
* 2
-5 2

fl=(17)
fn=(84)
120 1
+2 3
+7 2

fn=(36)
103 8
+8 24
-4 8
+4 16
+3 8
cfn=(40)
calls=8 -20 
* 289
* 8

fn=(78)
354 4
+2 2
+1 4
+4 33
+7 84
-2 56
+13 1
+4 2
-7 14
-15 44

fn=(40)
94 21
+1 42
cfn=(44) __libc_memalign
calls=21 -43 
* 582
* 21

fn=(44)
52 66
+1 87
+11 63
+3 21
-3 21
+3 42
-3 3
+3 1
-3 1
+3 82
+4 8
+1 4
+6 16
cfi=(37)
cfn=(122)
calls=2 -45 
* 66
+2 10
+4 6
+3 2
+1 2
+2 10
-3 20
+1 20
+2 100
-31 2
-1 5

fl=(44)
fn=(154)
380 5
+4 7
+2 28
cfn=(156) _dl_check_map_versions
calls=4 189 
* 2745
-2 4
+2 12
-1 4
-1 8
+5 7

fn=(158) match_symbol
76 55
+9 5
-8 5
-1 10
+1 5
+8 5
+6 15
+15 5
+1 10
+2 5
+5 10
+14 58
+12 72
+4 24
-30 48
+19 25
cfi=(19)
cfn=(54)
calls=5 +11 
* 138
* 10
+35 40

fn=(156)
189 12
-15 36
+17 4
+3 12
-3 4
+2 4
+1 4
+2 4
-3 4
+3 4
+3 4
+4 2
-4 2
+4 8
+17 2
56 4
220 2
56 10
+1 5
-1 10
+2 21
cfi=(34)
cfn=(106)
calls=7 288 
* 745
* 16
228 6
+5 16
+19 3
-15 82
cfn=(158)
calls=3 76 
* 363
* 8
cfn=(158)
calls=2 76 
* 182
* 5
+7 30
+3 15
+9 12
+14 4
+3 8
+10 28
-7 112
+3 84
-3 8
+3 6
+8 9
+87 8
-81 12
cfi=(17)
cfn=(36)
calls=3 103 
* 114
* 3
+1 3
-2 3
+2 3
+11 3
+2 3
-5 3
+3 3
+2 3
-2 3
+2 3
+3 8
+4 6
+18 3
-15 9
+2 9
-2 6
+2 6
+2 5
+1 5
-1 10
+1 5
-1 5
+1 5
+1 5
-2 5
+2 10
+1 15
+3 15
+8 6
+10 9
+3 8
+20 28
-14 60
-2 28
+7 56
+1 28
-1 84
+1 28
-1 28
+1 28
+1 28
+3 90
+10 27
183 2
-8 2
+95 4
-80 2

fl=(6)
fn=(174) do_lookup_x
355 630
+1 90
-1 450
+48 90
-30 90
-11 90
+41 90
+7 180
-7 180
-30 360
+37 360
-44 180
+3 180
-3 380
+3 380
+4 566
+4 558
+4 558
+6 837
+8 279
-4 279
+1 279
+3 558
+1 837
+3 279
+1 558
+2 558
+8 279
-8 279
+8 2790
-99 195
553 1404
+1 64
cfi=(34)
cfn=(106)
calls=32 288 
* 2928
* 96
+3 588
+3 6
+1 720
-92 168
+50 628
+4 33
+12 168
+1 84
+1 168
413 528
+2 176
+2 1144
+13 255
-10 845
+2 168
+1 420
-1 84
+1 588
-1 84
+1 252
cfn=(176) check_match
calls=84 92 
* 7463
+4 252
+34 8
+94 28
439 756

fn=(176)
92 672
+3 588
+12 504
+3 420
cfi=(19)
cfn=(54)
calls=21 +34 
* 873
* 42
+5 84
-1 84
+1 84
+2 166
+19 166
+1 664
+46 84
-7 84
+7 420
-18 2
+2 1
+1 4
-1 5
-29 249
cfi=(19)
cfn=(54)
calls=83 +6 
* 2018
* 249

fn=(172)
806 990
568 90
806 360
568 450
+1 90
-1 90
+1 270
-1 270
+1 1120
-1 1120
+1 3360
-1 3540
808 90
+4 90
+4 90
-8 90
+1 180
+7 256
+7 90
-2 90
+2 90
-2 90
+6 90
-7 90
+7 180
-7 540
+15 6
-8 30
+2 1260
cfn=(174)
calls=90 355 
* 33525
+3 270
+26 180
+22 84
+1 588
+31 84
+9 420
+14 252
+3 336
+5 84
+2 720
-85 42
+16 6
+1 12
+59 2

fn=(10)
956 12
+4 4
+4 8
+2 4
-1 4
+3 12
+1 4
+1 4
+3 4
-3 4
+7 4
-4 4
-1 4
+3 4
+2 4
-7 4
+7 4
+1 4

fl=(79) /build/glibc-Cl5G7W/glibc-2.23/elf/dl-open.c
fn=(316) _dl_find_dso_for_object
182 5
+1 4
+1 12
+1 2
+3 2
+4 1
-9 6

fl=(25)
fn=(70)
61 17
+4 17
+3 16
+1 16
+2 7
+1 7
+2 7
+1 7
+5 7
+1 7
-1 9
+1 9
+2 10
+1 10
+2 10
+1 10
+5 10
+1 10
-1 6
+1 6
+2 5
+1 5
+2 5
+1 5
+5 5
+1 5
-1 11
+1 11
+2 7
+1 7
+2 7
+1 14
+5 7
+1 7
-1 9
+1 11
+5 2
+1 2
+1 2
+1 2
+2 2
+2 2
+1 2
+2 2
+6 16
+4 16
+12 2
+2 2
+1 2
+26 2
+1 2
+3 2
+1 2
+1 2
+5 2
+2 2
+1 2
+1 2
+1 2
+2 2
+1 2
+1 2
+1 2
+2 2
+1 2
+2 2
+22 2
+2 2
+2 1
+7 1

fl=(24)
fn=(110)
84 28
+1 3
+1 20

fn=(68)
84 12
+2 15

fn=(112)
84 8
+1 2

fn=(132)
84 12
+1 3

fl=(28)
fn=(80)
40 12
+1 3
cfi=(11)
cfn=(22)
calls=3 +25 
* 84
* 3
+1 6
cfi=(17)
cfn=(40)
calls=3 +52 
* 87
* 3
+2 6
+4 3
-1 6
+1 6
-1 6
cfi=(18)
cfn=(46)
calls=3 +14 
* 106

fl=(18)
fn=(46)
61 15
+2 15
+2 15
+3 12
+1 12
+2 3
+1 3
+2 3
+1 3
+5 3
+1 3
-1 9
+1 9
+2 4
+1 4
+2 4
+1 8
+5 4
+1 4
-1 8
+1 8
+2 2
+1 2
+2 2
+1 2
+5 2
+1 2
-1 10
+1 10
+2 7
+1 7
+2 7
+1 7
+5 7
+1 7
-1 5
+1 9
+5 4
+1 4
+1 4
+1 4
+2 4
+2 4
+1 4
+2 4
+8 12
+8 6
+6 6
+2 6
+1 6
+3 1
+1 3
+5 1
+1 1
+2 1
+2 1
+1 1
+2 1
-8 4
+1 4
+2 4
+2 4
+1 4
+2 6
+9 1
+1 1
-1 5
+1 5
+3 6
+1 6
+1 6
+5 6
+2 6
+1 6
+1 6
+1 6
+2 6
+1 6
+1 6
+1 6
+2 6
+1 6
+2 6
+22 6
+6 6
+1 6
+2 3

fl=(14)
fn=(30)
24 13
+1 13
+1 13
+1 13
+1 13
+1 13
+1 13
+1 13
+3 13
+1 13
+1 5
+1 5
+1 5
+1 5
+1 5
+1 5
+1 5
+2 12
+1 12
+1 4
+1 4
+1 4
+1 4
+1 4
+1 4
+1 4
+2 12
+1 12
+1 5
+1 5
+1 5
+1 5
+1 2
+1 2
+1 2
+2 9
+1 9
+1 5
+1 5
+1 5
+1 5
+5 4
+1 4
+1 4
+1 4
+1 4
+1 4
+1 4
+1 2
+1 2
+1 2
+1 2
+1 2
+7 2
+2 3
+4 8
+1 8
+1 1
+1 1
+1 1
+1 1
+1 1
+1 1
+1 1
+1 1
+1 1
+1 1
+1 1
+4 9
+1 9

fl=(26)
fn=(72)
53 13
+1 13
+1 13
+1 13
+1 13
+2 13
+1 13
+1 11
+1 11
+15 2
+1 2
+1 2
+1 2
+1 2
+1 2
+1 2
+1 2
+1 2
+1 2
+1 2
+1 2
+1 2
+1 4
+3 2
+1 2
+1 2
+1 2
+1 2
+1 2
+1 2
-6 34
+1 34
+1 34
+1 34
+1 34
+1 34
+1 34
+1 2
+3 11
+1 11
+1 11
+1 4
+1 4
+1 2
+1 2
+3 2
+1 2
+1 2
+1 2
+2 2
+1 2
+1 2
+2 7
+1 7
+1 7

fl=(54) /build/glibc-Cl5G7W/glibc-2.23/elf/dl-init.c
fn=(214) call_init.part.0
28 20
+8 4
+3 4
-3 8
+3 12
+5 21
+5 4
+9 12
cob=(3)
cfi=(56) /build/glibc-Cl5G7W/glibc-2.23/csu/../csu/init-first.c
cfn=(228) _init
calls=1 -6 
* 176
cob=(2)
cfi=(16)
cfn=(216)
calls=1 -58 
* 6
* 2
+4 4
+6 2
+2 4
-2 4
+3 10
+1 8
cob=(3)
cfi=(62) /build/glibc-Cl5G7W/glibc-2.23/string/../sysdeps/x86_64/cacheinfo.c
cfn=(240) init_cacheinfo
calls=1 482 
* 1161
cob=(4) /usr/lib/valgrind/vgpreload_core-amd64-linux.so
cfi=(55) ???
cfn=(220) 0x0000000000000650
calls=1 -72 
* 17
* 4
cob=(3)
cfi=(64) /build/glibc-Cl5G7W/glibc-2.23/elf/dl-altinit.c
cfn=(248) dlinit_alt
calls=1 -39 
* 4
* 3
-1 6
+3 24
-29 3
-5 3

fn=(212) _dl_init
80 11
+1 1
+1 1
+3 3
+8 2
+1 2
+25 15
+1 12
-90 20
cfn=(214)
calls=3 -2 
* 1450
* 3
+96 8
-96 2
+58 2
+16 1
cfn=(214)
calls=1 -76 
* 76
* 1

fl=(1) ???
fn=(0) 0x0000000000000c30
0 2
cfi=(2)
cfn=(2)
calls=1 353 
0 88597
0 14
cfi=(54)
cfn=(212)
calls=1 80 
0 1610
0 3
cob=(5) /mnt/c/Users/brosa/OneDrive/Yale/Sopho/Semester_2/CS223/Hwk7/testArray
cfi=(65) ???
cfn=(252) _start
calls=1 0 
0 4589921

fl=(39)
fn=(126)
84 24
+1 6

fn=(208) munmap
84 4
+1 1

fl=(23)
fn=(66)
39 6
+3 1
-3 2
+3 1
-1 1
+1 1
+9 1
-12 4
+12 2
+10 4
162 2
-47 3
cfi=(24)
cfn=(68)
calls=1 -31 
* 9
* 2
+55 3
+2 2
+1 5
+4 2
+4 1
-4 1
+1 1
+3 1
+3 1
+1 1
-1 1
+4 3
+1 1
-1 9
+1 1
+18 10
+1 2
-1 1
+1 3
cfi=(17)
cfn=(40)
calls=1 94 
* 29
* 1
+1 1
-1 1
+1 5
+29 1
+3 1
-3 2
+3 1
+23 7
+6 2
-1 2
+1 6
-1 8
+5 6
+3 1
-3 1
+3 1
-3 3
+3 1
-3 1
+3 5
+1 12
+1 4
-1 4
+1 8
-2 4
+1 8
-1 14
+4 4
+4 1
-1 1
+2 1
-2 1
+1 1
+1 1
-2 1
+2 10
+13 2
+1 1
-1 1
+3 2
-3 2
+1 1
-1 1
+3 2
+3 4
+3 1
-1 1
+1 9
113 1
+17 1
+1 1
-1 9
243 6
cfi=(25)
cfn=(70)
calls=1 61 
* 22
* 4
cfi=(25)
cfn=(70)
calls=1 61 
* 18
+1 4
cfi=(25)
cfn=(70)
calls=1 61 
* 22
* 4
cfi=(25)
cfn=(70)
calls=1 61 
* 18
* 12

fl=(7)
fn=(12)
86 8
+25 1
-1 1
+1 78
+6 1
-3 1
+1 1
-4 1
+3 1
+3 4
+1 2
-1 25
+1 105
-1 102
+62 1
+1 1
-1 1
+1 1
-29 1
+1 2
+11 1
+1 1
-1 1
+1 1
-7 1
+1 1
-1 1
+1 1
-4 1
+1 2
-25 1
+1 2
-4 1
+1 2
-7 1
+1 1
+2 1
+1 1
fi=(9)
-90 2
cfi=(10)
cfn=(18)
calls=1 -4 
* 11
fi=(5)
223 5
fi=(8) /build/glibc-Cl5G7W/glibc-2.23/elf/../sysdeps/x86/cpu-features.c
61 2
+3 1
-3 1
+3 9
175 3
+1 1
+3 2
+1 1
+2 2
+1 7
+7 3
+4 2
+2 4
+51 2
fe=(7)
-16 1
fi=(8)
+27 1
+1 1
+1 1
fe=(7)
-29 1
+1 1
cfi=(11)
cfn=(22)
calls=1 66 
* 32
* 1
+2 2
cfi=(12) /build/glibc-Cl5G7W/glibc-2.23/elf/../misc/sbrk.c
cfn=(24) sbrk
calls=1 34 
* 17
* 3
+12 3
+3 5
cfi=(2)
cfn=(26)
calls=1 790 
* 87391
+1 1
+1 8
fi=(8)
-4 2
+1 2
+4 2
-52 2
+1 1
+6 3
+2 1
+3 3
+16 2
+1 1
+2 2
29 2
+4 1
-4 1
+5 1
-1 1
+2 1
-1 1
+1 1
-2 1
+1 1
+1 1
+1 1
-7 2
+3 1
+4 1
+5 1
+32 2
-32 1
+27 1
+5 1
+3 1
+1 8
+57 2
-66 2
+44 2
248 2
+3 2
fe=(7)

fn=(204)
256 1

fl=(19)
fn=(54)
144 208
+1 208
+2 208
+1 208
+21 208
+1 208
+1 160
+1 160
+1 154
+1 154
+1 154
+1 154
+21 154
+1 154
+1 154
+1 154
+1 154
+1 154
+1 154
+5 5
+1 5
+9 5
+1 5
+1 5
+1 5
+1 5
+1 5
+1 5
+1 5
-7 54
+1 54
+1 54
+1 54
+1 54
+1 54
+1 54
+1 54
+1 58
+1 26
+1 26
+1 26
+2 26
+1 26
+1 26
+1 26
+1 26
+1 26
-5 32
+1 32
+1 32
+1 32
+1 32
+1 32
+10 1
+1 1
+1 1
+2 1
+6 1
+1 1
+1 1
+1 1
+1 1
+5 1
946 1
+1 1
+1 1
+1 1
+1 1
+2 1
+1 1
+1 1
+1 1
+1 1
+1 1
+1 1
+1 1
+4 1
+1 1
+1 1
+6 1
+1 1
+1 2
+4 1
+1 1
+3 1
+1 1
+1 1
+3 1
+1 1
+1 1
+6 1
+1 1
+1 1
+1 1
+1 1
+1 1
1196 5
+1 5
+1 5
+1 5
+1 5
+2 5
+1 5
+1 5
+1 5
+1 5
+1 5
+1 5
1321 41
+1 41
+1 41
+1 41
+1 41
+2 41
+1 41
+1 41
+1 41
+1 41
+1 41
+1 41
+1 1
+4 1
+1 1
+1 1
+6 1
+1 1
+1 2
+4 1
+1 1
+3 1
+1 1
+1 1
+3 1
+1 1
+1 1
+6 1
+1 1
+1 1
+1 1
+1 1
+1 1
1571 1
+1 1
+1 1
+1 1
+1 1
+2 1
+1 1
+1 1
+1 1
+1 1
+1 1
+1 1
1696 3
+1 3
+1 3
+1 3
+1 3
+2 3
+1 3
+1 3
+1 3
+1 3
+1 3
+1 3
1821 3
+1 3
+1 3
+1 3
+1 3
+2 3
+1 3
+1 3
+1 3
+1 3
+1 3
+1 3
+1 3
+4 3
+1 3
+1 3
+6 3
+1 3
+1 6
+4 3
+1 3
+3 3
+1 3
+1 3
+3 3
+1 3
+1 3
+6 3
+1 3
+1 3
+1 3
+1 3
+1 3
+72 3
+1 3
+1 3
+1 3
+1 3
+2 3
+1 3
+1 3
+1 3
+1 3
+1 3
+1 3
+1 1
+4 1
+1 1
+1 1
+6 1
+1 1
+1 2
+4 1
+1 1
+3 1
+1 1
+1 1
+3 1
+1 1
+1 1
+6 1
+1 1
+1 1
+1 1
+1 1
+1 1
+72 1
+1 1
+1 1
+1 1
+1 1
+2 1
+1 1
+1 1
+1 1
+1 1
+1 1
+1 1
+2 1
+4 1
+1 1
+1 1
+6 1
+1 1
+2 2
+4 1
+1 1
+3 1
+1 1
+1 1
+3 1
+1 1
+1 1
+6 1
+1 1
+1 1
+1 1
+1 1
+1 1
+74 7
+2 7
+1 7
+1 7
+1 7
-3 52
+1 52
+1 52
+1 52
+1 78
+5 26
+6 26
+1 26
+8 26
+1 26
-16 182
+6 182
+1 182
+8 182
+1 182

fl=(29)
fn=(90)
74 2

fn=(86)
50 8
+5 6
+5 2
-1 1
+1 2
+1 2
-1 1
+4 1
-13 4
+4 8
+4 1
-1 1
-58 4

fl=(66) /build/glibc-Cl5G7W/glibc-2.23/elf/../sysdeps/x86_64/dl-trampoline.h
fn=(260) _dl_runtime_resolve_avx
64 1
+3 1
+2 1
+2 1
+3 1
+1 1
+1 1
+1 1
+1 1
+1 1
+1 1
+1 1
+1 1
+1 1
+1 1
+1 1
+1 1
+1 1
+1 1
+5 1
+1 1
+1 1
+1 1
+14 1
+1 1
+1 1
cfi=(67)
cfn=(262)
calls=1 -46 
* 889
+1 1
+5 1
+1 1
+1 1
+1 1
+13 1
+1 1
+1 1
+1 1
+1 1
+1 1
+1 1
+1 1
+1 1
+1 1
+1 1
+1 1
+1 1
+1 1
+1 1
+2 1
+2 1
+4 1
+3 1
cob=(3)
cfi=(68) /build/glibc-Cl5G7W/glibc-2.23/csu/../csu/libc-start.c
cfn=(266) (below main)
calls=1 -25 
* 4588966

fn=(261) _dl_runtime_resolve_avx'2
64 8
+3 8
+2 8
+2 8
+3 8
+1 8
+1 8
+1 8
+1 8
+1 8
+1 8
+1 8
+1 8
+1 8
+1 8
+1 8
+1 8
+1 8
+1 8
+5 8
+1 8
+1 8
+1 8
+14 8
+1 8
+1 8
cfi=(67)
cfn=(262)
calls=8 -46 
* 6780
+1 8
+5 8
+1 8
+1 8
+1 8
+13 8
+1 8
+1 8
+1 8
+1 8
+1 8
+1 8
+1 8
+1 8
+1 8
+1 8
+1 8
+1 8
+1 8
+1 8
+2 8
+2 8
+4 8
+3 8
cob=(3)
cfi=(105) /build/glibc-Cl5G7W/glibc-2.23/libio/putchar.c
cfn=(454) putchar
calls=1 25 
* 180
cob=(3)
cfi=(98) /build/glibc-Cl5G7W/glibc-2.23/stdio-common/printf.c
cfn=(422) printf
calls=1 28 
* 1343
cob=(3)
cfi=(75)
cfn=(400) free
calls=1 2934 
* 100
cob=(3)
cfi=(92) /build/glibc-Cl5G7W/glibc-2.23/stdio-common/isoc99_scanf.c
cfn=(380) __isoc99_scanf
calls=1 27 
* 770
cob=(3)
cfi=(85) /build/glibc-Cl5G7W/glibc-2.23/libio/getchar.c
cfn=(344) getchar
calls=1 34 
* 423
cob=(3)
cfi=(83) /build/glibc-Cl5G7W/glibc-2.23/stdlib/random.c
cfn=(334) srand
calls=1 +50 
* 10537
cfi=(79)
cfn=(316)
calls=1 +23 
* 32
cob=(3)
cfi=(75)
cfn=(300)
calls=1 2902 
* 58955

fl=(37)
fn=(122)
33 8
-1 80
+1 20
+1 80
+2 56
-3 18

fl=(33) /build/glibc-Cl5G7W/glibc-2.23/setjmp/../sysdeps/x86_64/setjmp.S
fn=(100) __sigsetjmp
26 3
+9 3
+1 6
+1 3
+4 3
+1 3
+1 3
+1 3
+1 3
+2 6
+2 3
+1 3
+1 3
+2 6
+2 3
+4 3
+1 3

fl=(108) /build/glibc-Cl5G7W/glibc-2.23/elf/dl-fini.c
fn=(466) _dl_fini
130 8
+17 1
+3 15
+3 2
cfi=(2)
cfn=(50)
calls=1 704 
* 2
+2 1
+3 2
+2 6
+8 1
-3 1
+3 8
+7 8
+2 8
+2 4
+1 4
+5 4
-6 4
-6 4
+8 4
-8 9
+14 9
+1 2
+4 1
31 1
+2 1
192 1
33 1
+6 1
-1 1
+2 1
-2 2
+1 8
+1 1
cfi=(26)
cfn=(72)
calls=1 +13 
* 15
* 1
+77 15
+3 16
cfi=(26)
cfn=(72)
calls=2 -67 
* 37
* 6
-76 9
+1 9
+4 12
+6 6
+1 6
+2 15
+1 7
+2 9
+1 6
201 3
cfi=(2)
cfn=(52)
calls=1 710 
* 2
+5 3
81 4
208 1
+2 3
-2 3
+2 9
+3 8
+3 12
+4 4
+9 2
+3 2
-3 2
+3 4
+2 8
+1 4
cob=(4)
cfi=(55)
cfn=(480) 0x0000000000000610
calls=1 0 
* 78
cob=(5)
cfi=(65)
cfn=(468) 0x0000000000400880
calls=1 0 
* 16
-1 8
+5 4
+1 6
cob=(2)
cfi=(16)
cfn=(500)
calls=1 0 
* 3
cob=(2)
cfi=(16)
cfn=(478)
calls=1 0 
* 3
+6 24
+16 8
-56 11
+11 6
92 9
+21 3
-57 8
268 4
+2 1
-2 2
+6 2
+7 8

fl=(32)
fn=(96)
163 6
+15 3
-3 6
+1 6
-13 6
+14 6
+1 3
+2 3
cfi=(2)
cfn=(98)
calls=3 664 
* 6
+2 3
-1 3
+4 3
-3 6
+3 3
-4 3
+4 3
cfi=(33)
cfn=(100)
calls=3 26 
* 60
* 9
+2 9
cfi=(41)
cfn=(136)
calls=2 60 
* 5403
cfi=(2)
cfn=(102)
calls=1 496 
* 2372
+1 6
+2 3
+1 3
-3 3
+1 6
+1 3
+9 3
-8 3
+8 9

fn=(150)
205 10
+1 1
cfi=(2)
cfn=(98)
calls=1 664 
* 2
+5 1
-1 1
-4 1
+9 1
+2 1
-3 1
+3 1
cfi=(2)
cfn=(152)
calls=1 529 
* 2830
+2 1
+1 1
+1 8

fl=(43)
fn=(206)
322 4
-1 1
+3 2
cfi=(39)
cfn=(208)
calls=1 84 
* 5
+1 1
+2 2

fn=(142)
185 9
+8 2
+3 3
+51 2
+9 1
+6 2
-6 4
+6 1
cfi=(24)
cfn=(68)
calls=1 84 
* 9
+19 1
-19 1
+19 140
cfn=(146) _dl_cache_libcmp
calls=9 138 
* 656
* 46
-15 4
+15 14
cfn=(146)
calls=1 138 
* 71
* 7
-82 4
cfi=(34)
cfn=(144)
calls=1 45 
* 94
+8 1
-8 1
+8 4
+1 4
cfi=(14)
cfn=(30)
calls=1 24 
* 38
* 2
+7 1
-3 1
+3 3
+3 1
+1 2
-1 1
+1 1
+1 4
cfi=(14)
cfn=(30)
calls=1 24 
* 32
* 2
+61 21
+16 2
+4 2
+8 3
cfi=(11)
cfn=(22)
calls=1 66 
* 34
* 2
+1 1
-1 4
+1 2
cfi=(18)
cfn=(46)
calls=1 61 
* 28
+1 2
cfi=(28)
cfn=(80)
calls=1 40 
* 109
+1 8
-31 9

fn=(146)
138 30
+1 22
+2 100
+2 50
-2 50
+2 2
+6 1
+2 1
-1 1
-1 1
+1 1
+1 4
+2 5
+2 2
+6 98
+2 178
+4 40
+1 40
-29 80
+32 3
-7 18

fl=(27)
fn=(74)
24 7
+1 7
+1 7
+1 7
+1 7
+1 7
+1 7
+1 7
+1 7
+1 7
+1 7
+1 7
+1 7
+1 7
+1 7
+1 7
+1 7
+1 5
+4 5
+1 5
+1 5
+1 5
+2 5
+4 2
+1 2
+1 2
+1 2
+1 2
+1 2
+1 2
+1 2
+1 2
+1 2
+1 2
+1 2
+1 2
+1 2
+1 2
+1 2
+1 2
+1 2
+1 2
+1 2
+1 2
+1 2
+1 2
+1 2
+52 2
+4 2
+1 2
+1 2
+1 2
+2 2

fl=(21) /build/glibc-Cl5G7W/glibc-2.23/posix/../sysdeps/unix/syscall-template.S
fn=(62) uname
84 4
+1 1

fl=(9)
fn=(60)
45 7
+2 3
+85 8
-45 3
cfi=(21)
cfn=(62)
calls=1 -3 
* 5
* 1
+15 1
-15 1
+20 1
-1 1
+3 12
+4 3
-2 6
+2 9
+7 3
-1 3
+4 3
-2 3
+2 10
+5 2

fl=(12)
fn=(24)
34 4
+8 6
+4 2
+16 5

fl=(13)
fn=(28)
30 3
+3 10
+13 21
-13 63
+2 46
+1 18
+5 2
-3 2
+3 2
+2 2
-12 1
+19 1

fl=(30)
fn=(164)
354 3
+2 1
+11 3
cfi=(17)
cfn=(44)
calls=1 52 
* 76
* 1
+1 2
+7 2
+4 1
-57 1
+57 296
-58 2
+1 2
cfi=(17)
cfn=(36)
calls=1 103 
* 38
* 1
+1 2
+3 1
+6 2
+64 5

fn=(202)
450 2
-1 7
+5 1
+6 3
-6 1
+6 1
-4 1
+16 1
-15 3
+20 6
+6 16
+3 1
+1 2
+6 3
+3 1
-2 2
+2 4
+1 1
+3 1
-1 3
+4 2
+1 4
+2 2
+9 6
cfi=(25)
cfn=(70)
calls=1 61 
* 23
* 4
cfi=(26)
cfn=(72)
calls=1 53 
* 30
* 2
-38 3
+52 2
+2 1
+1 8

fn=(148)
49 1
+3 4
+48 1
+4 2

fn=(200)
890 3
+9 1
-9 1
+6 2
+8 5
+41 1
+1 3
+1 4

fn=(88)
115 2
+1 2

fn=(162)
138 7
+6 3
+3 2
+36 3
+2 10
+3 1
-1 1
+5 2
-5 3
+3 3
+2 5
+16 3
+2 2
-2 2
+2 2
+10 1
-37 2
+25 1
-25 4
+40 4
+1 1
+51 1
+1 8

ob=(4)
fl=(55)
fn=(220)
0 17

fn=(480)
0 8
cob=(2)
cfi=(16)
cfn=(486)
calls=1 0 
0 57
0 1
cfn=(494) 0x0000000000000580
calls=1 0 
0 9
0 3

fn=(494)
0 9

ob=(3)
fl=(56)
fn=(228)
52 8
+6 3
+14 1
fi=(58) /build/glibc-Cl5G7W/glibc-2.23/csu/../sysdeps/unix/sysv/linux/x86_64/init-first.c
-36 1
fe=(56)
+34 1
+1 1
fi=(58)
-35 3
fe=(56)
+36 1
fi=(58)
-36 3
fi=(57) /build/glibc-Cl5G7W/glibc-2.23/csu/../sysdeps/generic/dl-hash.h
+12 3
+14 4
-17 3
+3 9
+14 12
-17 9
fi=(58)
-9 3
+2 2
-2 1
+2 2
cfi=(49) /build/glibc-Cl5G7W/glibc-2.23/elf/../sysdeps/unix/sysv/linux/dl-vdso.c
cfn=(184) _dl_vdso_vsym
calls=1 -11 
* 6
+1 2
+5 2
-3 2
+1 1
+2 1
cfi=(49)
cfn=(184)
calls=1 -17 
* 6
fe=(56)
+42 3
fi=(58)
-41 2
+1 1
fe=(56)
+40 1
cfi=(59) /build/glibc-Cl5G7W/glibc-2.23/misc/init-misc.c
cfn=(234) __init_misc
calls=1 -55 
* 48
+8 1
cfi=(61) /build/glibc-Cl5G7W/glibc-2.23/ctype/ctype-info.c
cfn=(238) __ctype_init
calls=1 -63 
* 16
+5 6
-34 1
-7 1
+7 4
fi=(58)
-25 2
fe=(56)

fl=(92)
fn=(380)
27 10
+5 19
+4 1
-2 1
+3 4
-1 5
+1 1
cfi=(93) /build/glibc-Cl5G7W/glibc-2.23/stdio-common/vfscanf.c
cfn=(382) _IO_vfscanf
calls=1 279 
* 713
fi=(97) /build/glibc-Cl5G7W/glibc-2.23/stdio-common/../libio/libioP.h
875 1
+1 1
fe=(92)
37 1
fi=(97)
876 1
+1 8
fe=(92)
44 4

fl=(105)
fn=(454)
25 1
+2 1
-2 1
+2 17
+1 3
fi=(91) /build/glibc-Cl5G7W/glibc-2.23/libio/libioP.h
866 2
+1 8
fe=(105)
31 3
-3 2
cfi=(86) /build/glibc-Cl5G7W/glibc-2.23/libio/genops.c
cfn=(456) __overflow
calls=1 230 
* 140
* 2

fl=(75)
fn=(300)
2902 6006
+5 4004
+1 4004
+3 16008
+2 6003
cfn=(318) _int_malloc
calls=2001 3349 
* 298034
+3 2001
-3 2001
+3 2001
+8 8004
+2 22011
+3 8004
-18 12006
-2 1
+20 3
-20 1
cfi=(76) /build/glibc-Cl5G7W/glibc-2.23/malloc/hooks.c
cfn=(302) malloc_hook_ini
calls=1 29 
* 58943

fn=(400)
2934 10000
+5 4000
+1 4000
+6 4000
+5 2000
-2 2000
+2 4000
+16 6000
+1 4000
cfn=(402) _int_free
calls=2000 3841 
* 148000
+1 12000

fn=(322) sysmalloc
2268 8
+20 1
+11 1
-11 1
+11 1
+1 5
fi=(77) /build/glibc-Cl5G7W/glibc-2.23/malloc/arena.c
488 3
fe=(75)
2315 5
+65 1
+1 3
+10 1
-9 1
+9 5
+6 4
+3 3
2723 2
+1 1
+8 4
+5 1
-3 1
+3 1
-2 1
+2 3
+1 1
-1 1
-1 1
+4 1
-3 2
+1 1
+8 9
2463 1
-8 4
+8 1
+21 5
cfi=(80) /build/glibc-Cl5G7W/glibc-2.23/malloc/morecore.c
cfn=(324) __default_morecore
calls=1 46 
* 62
* 1
+1 1
+3 4
+3 2
+1 2
+20 2
+26 2
+2 2
+6 1
-6 1
+6 1
2321 1
2464 1
+10 5
+8 1
-8 1
+8 1
+67 7
+37 2
+6 3
+19 1
+3 2
+1 5
+2 1
-2 1
+2 1
+1 3
cfi=(80)
cfn=(324)
calls=1 46 
* 25
+12 2
+8 1
+1 1
-1 2
+1 2
+39 1
+1 1
-2 1
+1 3
+12 1
-12 1
+1 1
+11 1
2539 5

fn=(318)
3349 6006
-30 4004
+30 2002
-30 8008
+30 6006
-30 2002
+30 6006
+4 6006
+14 4004
+2 5997
+2 1999
-1 1999
-1 1999
+1 1999
+5 3998
+3 5
+1 1
-1 1
+1 2
+25 4002
+2 6003
+1 6003
+2 2001
-2 2001
+2 4002
+2 2
+39 2
cfn=(320) malloc_consolidate
calls=1 4144 
* 651
3819 28014
-2 2001
+2 2001
-2 2001
+2 4002
5002 2001
3817 2001
+2 2001
5004 2001
3819 2001
5004 2001
3819 6003
5004 4002
3819 8004
5002 4002
3469 10005
-87 5
1879 1
3770 1
1879 2
3833 18018
3603 4002
+73 4002
+1 4002
+1 4002
+1 4002
+1 4002
+5 4002
+4 6003
+3 8004
-3 6003
+3 8004
-3 4002
+3 5997
3792 2001
+3 2001
-2 4002
+2 4002
+17 2
1879 4
3827 3
cfn=(322)
calls=1 2268 
* 249
+1 2
-28 2000
-3 2000
+1 2000
+2 2000
-1 2000
+1 4000
+2 2000
-2 8000
+2 2000
+3 2000
1879 6000

fn=(402)
3841 18000
+13 2000
-13 2000
+13 4000
+6 8000
+1 4000
+11 8000
+13 4000
+11 8000
+1 6000
1886 2000
3921 2000
1886 4000
3923 6000
+1 4000
+4 2000
-4 2000
+1 2000
+9 14000
+9 8000
+2 2000
+2 12000
4105 16000
3949 8000

fn=(320)
4144 2
4996 4
1808 3
-3 2
+3 378
-3 252
+7 3
+5 1
+2 1
-2 2
-1 3

fl=(94) /build/glibc-Cl5G7W/glibc-2.23/stdlib/../stdlib/strtol.c
fn=(386) __strtol_internal
98 3
cfi=(95) /build/glibc-Cl5G7W/glibc-2.23/stdlib/../stdlib/strtol_l.c
cfn=(388) ____strtol_l_internal
calls=1 227 
* 169

fl=(110) /build/glibc-Cl5G7W/glibc-2.23/nptl/unregister-atfork.c
fn=(490) __unregister_atfork
28 4
+8 1
+3 2
+82 3

fl=(76)
fn=(302)
29 4
fi=(77)
260 1
fe=(76)
30 1
fi=(77)
260 1
fe=(76)
30 1
fi=(77)
260 1
fi=(75)
2911 7
+2 3
cfn=(318)
calls=1 3349 
* 1038
+3 1
-3 1
+3 1
+8 4
+2 11
fe=(76)
33 4
fi=(75)
2911 6
+12 1
cfi=(77)
cfn=(306) ptmalloc_init.part.5
calls=1 258 
* 57854
* 1
-15 2
fe=(76)

fl=(102) /build/glibc-Cl5G7W/glibc-2.23/io/../sysdeps/posix/isatty.c
fn=(434) isatty
24 1
+3 2
cfi=(103) /build/glibc-Cl5G7W/glibc-2.23/termios/../sysdeps/unix/sysv/linux/tcgetattr.c
cfn=(436) tcgetattr
calls=1 +7 
* 69
* 2
+1 1
-1 1
+1 1

fl=(50)
fn=(190)
45 1
+1 1
+1 1
+1 1
+1 1
+1 1

fn=(186)
45 1
+1 1
+1 1
+1 1
+1 1
+1 1

fl=(103)
fn=(436)
34 2
+4 3
-4 1
+4 4
+2 1
-2 1
+2 1
+2 1
+3 2
+18 2
-21 1
+1 1
+2 1
+1 1
-3 1
+1 1
+2 1
+17 1
-19 1
+7 2
+7 1
+5 1
cfi=(104) /build/glibc-Cl5G7W/glibc-2.23/string/../sysdeps/x86_64/memcpy.S
cfn=(438) __GI_mempcpy
calls=1 -2 
* 31
* 3
+14 4

fl=(64)
fn=(248)
33 3
+1 1

fl=(68)
fn=(266)
134 7
+4 1
-4 3
+4 3
+82 1
-82 1
+82 1
+1 4
cfi=(69) /build/glibc-Cl5G7W/glibc-2.23/stdlib/cxa_atexit.c
cfn=(268) __cxa_atexit
calls=1 57 
* 60
+22 4
+3 2
+1 5
cob=(5)
cfi=(65)
cfn=(272) __libc_csu_init
calls=1 0 
* 56
+4 4
+15 2
+12 2
cfi=(70) /build/glibc-Cl5G7W/glibc-2.23/setjmp/../sysdeps/x86_64/bsd-_setjmp.S
cfn=(286) _setjmp
calls=1 30 
* 30
+1 2
+5 2
+1 2
+3 2
+3 6
cob=(5)
cfi=(73) /mnt/c/Users/brosa/OneDrive/Yale/Sopho/Semester_2/CS223/Hwk7/testArray.c
cfn=(292) main
calls=1 104 
* 4587750
+34 2
cfi=(106) /build/glibc-Cl5G7W/glibc-2.23/stdlib/exit.c
cfn=(460) exit
calls=1 104 
* 1012
138 2

fl=(70)
fn=(286)
30 1
+2 1
cfi=(71) /build/glibc-Cl5G7W/glibc-2.23/setjmp/../sysdeps/x86_64/setjmp.S
cfn=(288) __sigsetjmp
calls=1 -6 
* 28

fl=(59)
fn=(234)
31 2
-1 3
+1 4
+2 3
cfi=(60) /build/glibc-Cl5G7W/glibc-2.23/string/../sysdeps/x86_64/strrchr.S
cfn=(236) rindex
calls=1 -9 
* 24
+4 5
+1 3
+2 4

fl=(84) /build/glibc-Cl5G7W/glibc-2.23/stdlib/random_r.c
fn=(338) random_r
357 1240
+5 310
-2 310
+2 620
+9 310
+1 310
+1 310
+3 620
+3 310
-3 310
+2 310
+2 310
-2 310
+5 310
-3 310
-20 300
+31 300
-31 300
+34 300
-2 600
-32 10
+32 10
-1 10
+3 20

fn=(336) srandom_r
162 4
+8 2
+2 1
+1 2
+3 1
+2 3
+3 1
-1 1
+1 1
+5 1
+1 1
+7 1
-7 1
-1 1
+1 2
+7 12
+2 3
+1 1
-10 3
+7 348
+2 87
+1 29
-10 87
+13 2
+1 2
-1 2
+2 1
+1 4
+3 2
-3 1
+3 1
cfn=(338)
calls=1 357 
* 26
* 618
-3 309
+3 309
cfn=(338)
calls=309 357 
* 8024
-3 620
+7 1
+4 5

fl=(53)
fn=(198)
0 11

fl=(47)
fn=(180)
38 1
-1 1
+1 6
fi=(48) /build/glibc-Cl5G7W/glibc-2.23/time/../sysdeps/generic/dl-hash.h
+10 3
+14 4
-17 3
+3 9
+14 12
-17 9
fe=(47)
-7 3
+3 2
-3 1
+3 1
cfi=(49)
cfn=(184)
calls=1 -14 
* 6
+1 3
+1 2

fl=(72) /build/glibc-Cl5G7W/glibc-2.23/setjmp/sigjmp.c
fn=(290) __sigjmp_save
28 1
+1 1
-1 2
+1 2
+5 3

fl=(90) /build/glibc-Cl5G7W/glibc-2.23/io/../sysdeps/unix/syscall-template.S
fn=(368) read
84 4
cfn=(370) __read_nocancel
calls=2 * 
* 10

fn=(446) write
84 26
cfn=(448) __write_nocancel
calls=13 * 
* 65

fn=(370)
84 10

fn=(448)
84 65

fl=(87) /build/glibc-Cl5G7W/glibc-2.23/libio/fileops.c
fn=(444) _IO_file_write@@GLIBC_2.2.5
1258 13
-2 78
+2 52
+4 26
+1 26
+10 39
+3 78
-13 52
cfi=(90)
cfn=(446)
calls=13 84 
* 91
+1 26
+5 13
+1 13
-12 65

fn=(510) _IO_file_sync@@GLIBC_2.2.5
868 2
+5 2
-5 2
+5 6
+2 2
+1 4
+17 4
+4 4

fn=(428) _IO_file_xsputn@@GLIBC_2.2.5
1287 3003
-1 6006
-6 20020
+13 8008
+17 4
+4 2034
+5 7992
cfi=(104)
cfn=(438)
calls=1998 61 
* 39508
* 1998
+6 1998
-1 1998
+1 3996
+2 3996
+27 4004
+1 17017
-24 5
cfn=(432) _IO_file_overflow@@GLIBC_2.2.5
calls=1 808 
* 420
* 2
+6 20
+1 30
+2 39
+11 26
+1 52
cfi=(86)
cfn=(442) _IO_default_xsputn
calls=13 425 
* 2151
* 26
-57 6003
+1 4002
+3 5967
+2 18876
-2 16562
+32 12
cfn=(432)
calls=3 808 
* 348
* 12
+6 6
+1 64
-7 36
cfn=(432)
calls=9 808 
* 1044
* 18

fn=(366) _IO_file_read
1216 8
cfi=(90)
cfn=(368)
calls=2 84 
* 14

fn=(432)
808 153
+7 51
-8 255
+8 251
+35 102
+3 76
+3 114
+1 114
+1 152
+4 38
+1 152
-45 2
+12 2
+9 4
+8 1
-4 1
+3 2
-2 2
-3 1
+1 2
+5 1
-1 1
+1 3
+1 2
+12 1
-1 4
cfn=(440) _IO_do_write@@GLIBC_2.2.5
calls=1 494 
* 94
* 2
-8 26
+12 39
-12 13
cfn=(440)
calls=13 494 
* 1132
-31 2
cfi=(86)
cfn=(352) _IO_doallocbuf
calls=1 395 
* 366
+1 6

fn=(506) _IO_file_setbuf@@GLIBC_2.2.5
450 4
+1 2
cfi=(86)
cfn=(508) _IO_default_setbuf
calls=2 +71 
* 102
* 4
+4 4
-1 4
+2 6
+2 2
+1 4

fn=(350) _IO_file_underflow@@GLIBC_2.2.5
539 6
+6 6
-14 8
+17 4
+13 4
+20 4
cfi=(86)
cfn=(364) _IO_switch_to_get_mode
calls=2 176 
* 40
+6 2
+5 8
-5 4
+1 2
+2 2
-1 4
+3 2
cfn=(366)
calls=2 1216 
* 22
+2 4
+16 1
-9 1
+9 2
+2 2
+1 4
-16 1
-1 1
+1 2
+10 1
+6 1
-5 1
+5 3
-62 3
+5 2
cfi=(86)
cfn=(352)
calls=1 395 
* 270
* 2

fn=(356) _IO_file_stat
1229 2
+1 6
cfi=(89) /build/glibc-Cl5G7W/glibc-2.23/io/../sysdeps/unix/sysv/linux/wordsize-64/fxstat.c
cfn=(358) _fxstat
calls=2 34 
* 20

fn=(440)
494 42
+1 1
-3 104
+11 26
+7 52
+8 65
cfn=(444)
calls=13 1258 
* 572
* 13
+1 65
+6 13
-4 13
+4 13
-4 39
+1 26
+3 13
-2 13
-29 52
+1 78
+29 26

fl=(52)
fn=(194)
37 1
-1 1
+1 6
fi=(48)
+11 3
+14 4
-17 3
+3 9
+14 12
-17 9
fe=(52)
-8 3
+3 2
-3 1
+3 1
cfi=(49)
cfn=(184)
calls=1 -13 
* 6
+1 3
+1 2

fl=(111) /build/glibc-Cl5G7W/glibc-2.23/posix/../sysdeps/unix/sysv/linux/_exit.c
fn=(512) _Exit
27 2
+4 1
+2 2

fl=(60)
fn=(236)
24 1
+1 1
+1 1
+1 1
+1 1
+1 1
+1 1
+1 1
+1 1
+1 1
+1 1
+1 1
+1 1
+1 1
+1 1
+1 1
+1 1
+1 1
+1 1
+1 1
+1 1
+1 1
+1 1
+1 1

fl=(49)
fn=(184)
27 8
+4 8
-3 8

fl=(81) /build/glibc-Cl5G7W/glibc-2.23/misc/sbrk.c
fn=(326) sbrk
34 2
+8 2
-8 6
+8 9
+4 4
+4 6
+12 5
-19 2
cfi=(82) /build/glibc-Cl5G7W/glibc-2.23/misc/../sysdeps/unix/sysv/linux/x86_64/brk.c
cfn=(328) brk
calls=1 -12 
* 12
* 4
+15 2
cfi=(82)
cfn=(328)
calls=1 -27 
* 12
* 2
+4 5

fl=(51)
fn=(192)
30 1
+1 1
+1 1
+1 1
+1 1
+1 1

fl=(98)
fn=(422)
28 8008
+4 1001
+1 2002
-1 5005
+1 3003
cfi=(99) /build/glibc-Cl5G7W/glibc-2.23/stdio-common/vfprintf.c
cfn=(424) vfprintf
calls=1001 1236 
* 618928
+4 2002

fl=(82)
fn=(328)
31 16
+8 2
-6 4
+7 2

fl=(83)
fn=(334)
209 2
+1 6
+1 3
cfi=(84)
cfn=(336)
calls=1 -49 
* 10520
+1 4
+1 2

fl=(77)
fn=(306)
258 6
+13 1
-8 1
+8 1
+6 3
+2 5
+16 2
-56 23
-18 72
+2 46
340 2
+6 2
+1 2
+2 1
+1 7
-78 5
cfi=(78) /build/glibc-Cl5G7W/glibc-2.23/elf/dl-addr.c
cfn=(308) _dl_addr
calls=1 126 
* 57669
* 2
+1 4

fl=(86)
fn=(456)
230 3
+2 3
cfi=(87)
cfn=(432)
calls=1 808 
* 134

fn=(346) __uflow
348 2
+2 7
+6 12
+3 4
+2 4
+6 4
+7 4
+1 2
-1 4
cfn=(348) _IO_default_uflow
calls=2 +39 
* 439
-24 2
+22 6

fn=(502) _IO_cleanup
948 2
+3 1
-3 2
-50 1
+50 1
+3 1
cfn=(504) _IO_flush_all_lockp
calls=1 760 
* 90
-63 1
+63 1
-63 2
+10 6
+8 10
+2 4
+2 2
+1 2
-1 2
+2 4
+3 10
cfi=(87)
cfn=(506)
calls=2 450 
* 132
+2 6
+4 4
+7 3
-40 9
+2 6
+2 8
+6 24
+65 7
-42 6
+1 16

fn=(508)
522 8
+1 2
-1 4
+1 2
cfi=(87)
cfn=(510)
calls=2 868 
* 26
* 4
+9 2
-7 2
+7 2
-7 2
388 2
-5 2
+1 2
+4 2
535 2
+2 2
-2 4
+1 6
+2 8
381 2
527 2
+1 2
-1 2
+1 2
381 8

fn=(442)
425 26
-3 130
+8 200
+25 285
cfi=(87)
cfn=(432)
calls=37 808 
* 1221
* 74
+2 37
-2 74
+4 13
+1 13
-1 13
+1 65

fn=(362) _IO_setb
380 6
+1 8
+3 2
+2 8
-3 2
+3 4
+3 6

fn=(364)
176 4
-1 4
+1 2
+3 6
+5 2
-1 4
+1 2
+7 2
-4 2
+2 4
+2 2
+1 2
+1 4

fn=(504)
760 8
+6 3
+11 2
+16 2
-17 2
-1 2
+1 3
-1 1
+1 1
+3 9
+10 6
+4 3
-2 3
+2 6
+7 3
-27 6
+31 2
+2 2
+4 9
-38 1
-6 1
+5 1
+2 2
+6 12

fn=(384) _IO_sputbackc
673 2
+3 2
-3 2
+3 4
+1 8
+9 2
+3 4
-10 6

fn=(348)
413 2
-1 4
+1 2
cfi=(87)
cfn=(350)
calls=2 539 
* 419
+1 4
+2 4
+1 4

fn=(352)
395 4
-1 6
+3 8
+1 6
cfi=(88) /build/glibc-Cl5G7W/glibc-2.23/libio/filedoalloc.c
cfn=(354) _IO_file_doallocate
calls=2 95 
* 600
* 4
+3 8

fl=(99)
fn=(424)
1236 8008
+31 3003
+8 3004
+4 5005
+11 5005
+11 1001
fi=(113) /build/glibc-Cl5G7W/glibc-2.23/stdio-common/printf-parse.h
108 3003
fe=(99)
1316 1001
-15 5005
fi=(113)
108 1001
cfi=(100) /build/glibc-Cl5G7W/glibc-2.23/string/../sysdeps/x86_64/strchr.S
cfn=(426) strchrnul
calls=1001 -84 
* 20020
fe=(99)
1316 1001
fi=(113)
108 1001
fe=(99)
1312 1001
+4 2002
+4 8008
cfi=(87)
cfn=(428)
calls=1001 -33 
* 4004
* 4004
1685 5005
+3 1001
+1 8008
1275 2000
+41 6006
+1 14014
1685 5005
+1 2002
1320 2002
+4 1001
-4 1001
+4 2002
+4 12012
1552 2002
-21 2002
1632 2002
-1 2002
1370 15015
-7 1001
-1 1001
-3 1001
-1 1001
+8 1001
+4 1001
-3 1001
-10 1001
-1 1001
-1 1001
-1 1001
-1 1001
+14 1001
-15 1001
-1 1001
-1 1001
-1 1001
+18 2002
1649 1001
+2 2002
+8 1001
fi=(113)
108 2002
fe=(99)
1659 1001
fi=(113)
108 1001
fe=(99)
1659 1001
fi=(113)
108 2002
cfi=(100)
cfn=(426)
calls=1001 -84 
* 20020
fe=(99)
1663 1001
-4 1001
+4 11011
cfi=(87)
cfn=(428)
calls=1001 1287 
* 72438
* 13013
+2 3003
-34 59055
cfi=(87)
cfn=(428)
calls=1001 1287 
* 100861
* 10010
+1 2002
-1 12012
cfi=(101) /build/glibc-Cl5G7W/glibc-2.23/stdio-common/_itoa.c
cfn=(430) _itoa_word
calls=1001 168 
* 74270
* 49042

fl=(85)
fn=(344)
34 43
+2 774
+1 252
fi=(91)
866 86
+1 344
fe=(85)
40 129
-3 2
cfi=(86)
cfn=(346)
calls=2 348 
* 490
* 4

fl=(71)
fn=(288)
26 1
+9 1
+1 2
+1 1
+4 1
+1 1
+1 1
+1 1
+1 1
+2 2
+2 1
+1 1
+1 1
+2 2
+2 1
+9 1
cfi=(72)
cfn=(290)
calls=1 -36 
* 9

fl=(100)
fn=(426)
24 2002
+1 2002
+1 2002
+1 2002
+1 2002
+1 2002
+1 2002
+1 2002
+1 2002
+1 2002
+1 2002
+1 2002
+1 2002
+1 2002
+1 2002
+1 2002
+1 2002
+1 2002
+2 2002
+7 2002

fl=(62)
fn=(240)
482 2
+12 1
-12 3
+12 3
+2 4
cfn=(242) handle_intel
calls=1 262 
* 455
+4 2
-4 1
+4 1
cfn=(242)
calls=1 262 
* 547
+2 1
-2 1
-1 1
+3 1
+9 2
+2 1
+1 1
+2 1
+5 2
+9 4
-9 4
+9 16
-9 12
+6 8
+69 4
+1 5
+55 2
+2 1
+1 1
+2 1
-3 1
+5 1
-5 1
+4 3
+4 2
+2 1
+1 1
+2 1
-3 1
+5 1
-5 1
+4 2
+3 1
-3 1
+3 5
532 1
+32 1
-26 6
+7 5
+2 1
+1 1
+1 2
-4 4
+2 1
+1 1
+1 6
+2 2
-6 2
+6 2
+5 1
+2 2
+1 1
-1 1
+1 3
+6 1
-1 1
+1 5

fn=(242)
262 4
-1 4
+17 2
-17 12
+14 2
+1 4
-3 6
+23 8
cfn=(244) intel_check_word
calls=2 133 
* 666
+1 4
+3 10
cfn=(244)
calls=2 133 
* 238
+1 4
-17 4
+5 2
-5 6
+5 2
+2 2
+1 2
-1 4
+27 16

fn=(244)
133 8
+6 4
-7 20
+7 16
-7 4
+7 4
+2 4
-2 4
+2 4
+68 8
+3 24
-69 4
+2 8
-2 6
+2 12
+8 20
+51 16
+22 8
fi=(63) /build/glibc-Cl5G7W/glibc-2.23/string/../bits/stdlib-bsearch.h
27 8
+1 16
+3 16
+1 8
fe=(62)
+89 16
fi=(63)
-90 12
+1 6
fe=(62)
+89 12
+3 54
fi=(63)
-95 44
+2 44
-2 44
+2 80
+1 40
fe=(62)
+89 80
251 8
141 16
-6 2
256 24
fi=(63)
37 10
-8 24
fe=(62)
165 6
+3 6
+4 4
+2 4
+1 14
+2 7
-12 2
+12 2
+1 10
+1 10
+1 6
+17 3
-32 9
+3 9
+4 6
+2 6
+1 12
+2 12
+5 2
+2 4
+2 32

fl=(106)
fn=(460)
104 1
-1 1
+1 2
cfn=(462) __run_exit_handlers
calls=1 -69 
* 1008

fn=(462)
35 8
+5 1
cfi=(107) /build/glibc-Cl5G7W/glibc-2.23/stdlib/cxa_thread_atexit_impl.c
cfn=(464) __call_tls_dtors
calls=1 145 
* 11
* 1
+6 8
+4 6
+3 1
-1 1
+2 5
+33 1
+1 1
-1 1
+1 1
+6 2
+1 5
cfi=(86)
cfn=(502)
calls=1 948 
* 363
* 3
+2 2
cfi=(111)
cfn=(512)
calls=1 -70 
* 5
-19 1
+4 1
-4 1
+2 1
+2 1
-2 2
+2 1
cob=(1)
cfi=(108)
cfn=(466)
calls=1 +48 
* 573
+1 1

fl=(107)
fn=(464)
145 3
+1 4
+18 4

fl=(80)
fn=(324)
46 2
+1 2
cfi=(81)
cfn=(326)
calls=2 -13 
* 73
+1 6
+4 4

fl=(89)
fn=(358)
34 2
-1 2
+1 2
+1 12
+4 2

fl=(46)
fn=(178)
109 1
+1 1
+1 1
+1 1
+10 1

fn=(188)
129 1
+1 1
+1 1
+1 1
+10 1

fl=(93)
fn=(382)
279 10
+11 1
-11 2
+11 2
+1 1
fi=(96) /build/glibc-Cl5G7W/glibc-2.23/stdio-common/../include/scratch_buffer.h
79 1
fe=(93)
291 1
fi=(96)
78 4
fe=(93)
341 6
+6 3
+3 5
+4 1
+20 1
-20 1
+20 1
-13 2
+6 1
+2 3
+5 1
-5 1
+5 6
2671 1
315 1
-30 1
-1 2
+95 1
2671 1
2215 2
334 2
-4 1
-1 1
-1 2
-1 1
-32 1
-12 1
2215 1
383 6
+37 3
+23 1
+1 1
-1 1
+1 1
3024 8
fi=(96)
86 5
fe=(93)
3027 3
+3 2
+17 4
+6 9
449 2
347 2
+27 6
+92 1
223 1
+1 2
489 4
-6 3
+24 2
+21 1
+7 1
-7 3
+10 10
+80 2
+5 2
-1 1
+1 1
+1 4
+3 1
+1 4
-1 2
+1 1
-1 1
+1 5
+6 12
+3 4
-3 4
+3 6
-3 4
+3 1
+1 2
+1 5
-1 1
+1 4
+4 1
-4 2
cfi=(86)
cfn=(384)
calls=1 +34 
* 15
+4 8
-19 3
+12 2
507 9
288 1
3014 5
538 2
1404 9
+5 1
-5 1
+5 2
+9 5
1748 5
fi=(96)
114 4
fe=(93)
1739 20
+2 10
+5 30
+64 3
+7 3
+1 2
+28 6
cfi=(86)
cfn=(384)
calls=1 673 
* 15
* 1
261 2
+3 4
1850 2
+17 1
+1 3
-1 1
+1 1
-1 2
+1 1
cfi=(94)
cfn=(386)
calls=1 98 
* 172
+6 3
+3 4
+2 2
+4 2
2458 3
1396 1
+1 1
-2 1
+2 1
643 1
-4 2
1743 4
261 12
+3 12
1805 16
+2 40
-59 5
1441 3
+3 7
1885 2
+17 10
-15 2
+1 3

fl=(78)
fn=(308)
126 9
+5 1
-5 2
+5 2
cob=(1)
cfi=(2)
cfn=(50)
calls=1 704 
* 2
+2 2
cob=(1)
cfi=(66)
cfn=(261)
calls=1 -69 
* 1190
* 5
+2 2
30 1
+1 1
-1 1
+1 1
+3 2
+5 1
+6 1
-7 1
+2 2
+2 1
-2 1
+2 1
+3 1
+5 8
+2 1
+1 2
-1 1010
+1 2020
+2 3628
+9 2010
+7 24
-2 24
+2 2259
-2 2211
+2 5750
-10 11175
+2 8940
+1 14318
+7 1011
-21 2022
+49 3
+1 1
+1 3
+3 2
+37 2
cob=(1)
cfi=(2)
cfn=(52)
calls=1 710 
* 2
+3 9
-28 1
+1 1
+21 2

fl=(101)
fn=(430)
168 4004
+2 2002
+9 66262
+9 2002

fl=(104)
fn=(438)
61 1999
+4 1999
+3 1999
+1 1999
+2 1346
+1 1346
+2 1346
+1 1346
+5 1346
+1 1346
-1 653
+1 653
+2 592
+1 592
+2 592
+1 592
+5 592
+1 592
-1 1407
+1 1407
+2 948
+1 948
+2 948
+1 948
+5 948
+1 948
-1 1051
+1 1051
+11 1999
+1 2000
+5 1
+1 1
+1 1
+1 1
+2 1
+2 1
+1 1
+2 1
+6 1999
+4 1999

fl=(61)
fn=(238)
31 5
+2 1
+2 1
-4 1
+4 1
-4 1
+2 3
+2 3

fl=(109)
fn=(488)
31 4
+17 1
-17 4
+4 4
+4 6
-4 3
+32 4
+4 6
-4 3
+12 2
+3 1
-2 1
+2 6
-2 1
cfi=(110)
cfn=(490)
calls=1 -52 
* 10

fl=(69)
fn=(270) __new_exitfn
73 2
+6 1
-6 1
+6 1
-6 1
+6 4
+2 6
+2 3
-2 1
+10 2
-10 2
+45 1
+1 1
+3 4
+3 5
-21 1
+1 2

fn=(268)
57 5
-22 1
+22 1
-22 1
cfn=(270)
calls=1 +38 
* 38
+2 2
+4 1
+3 1
+1 1
-4 2
+2 1
+4 1
+1 1
+11 4

fl=(95)
fn=(388)
227 9
+26 2
+22 1
-1 1
+10 4
+9 6
+2 2
+5 2
+5 1
-6 1
+6 1
+4 2
+10 2
+10 3
526 8
326 2
-79 1
371 1
+64 4
+38 1
-18 1
-4 1
+22 1
-19 1
-3 1
+4 1
-4 1
+4 2
-4 2
-14 12
-4 8
+2 17
+44 2
+5 2
+1 1
+5 2
+3 3
-28 12
+3 16
+5 4
+1 16
+17 3
+17 2
348 4

fl=(88)
fn=(354)
95 10
+15 12
cfi=(87)
cfn=(356)
calls=2 1229 
* 28
* 4
+2 8
+11 6
+4 4
cob=(2)
cfi=(16)
cfn=(360)
calls=2 0 
* 368
* 2
+2 2
-1 4
+2 8
cfi=(86)
cfn=(362)
calls=2 380 
* 36
+1 2
+1 10
-15 1
-2 9
+5 2
-42 1
+1 1
-1 1
+1 1
cfi=(102)
cfn=(434)
calls=1 -55 
* 77
+38 1
-37 1
+37 1

ob=(5)
fl=(73)
fn=(374) eatComment
90 3
+3 1
cob=(3)
cfi=(85)
cfn=(344)
calls=1 -59 
* 38
* 1
* 35
cob=(3)
cfi=(85)
cfn=(344)
calls=35 -59 
* 1330
* 35
* 180
+1 3

fn=(410) sum
10 198712
+1 149034
+1 99356

fn=(414) printAggregates
80 4
+1 3
cfi=(74) /mnt/c/Users/brosa/OneDrive/Yale/Sopho/Semester_2/CS223/Hwk7/array.c
cfn=(412) arraySize
calls=1 +3 
* 7
* 1
+1 2
+1 5005
cfi=(74)
cfn=(416) arrayCombine
calls=1001 +79 
* 526328
* 4004
cob=(3)
cfi=(98)
cfn=(422)
calls=1000 -55 
* 638606
cob=(1)
cfi=(66)
cfn=(261)
calls=1 -19 
* 2218
* 1005
-1 4007
+3 2
cob=(1)
cfi=(66)
cfn=(261)
calls=1 -21 
* 1024
* 5
+1 3

fn=(292)
104 8
+6 3
cfi=(74)
cfn=(294) arrayCreate
calls=1 -86 
* 59829
* 1
+3 2
cob=(1)
cfi=(66)
cfn=(261)
calls=1 -49 
* 11372
* 5
+2 1
+1 42
+2 5
cob=(1)
cfi=(66)
cfn=(261)
calls=1 -54 
* 1727
* 5
* 2
+1 3
cfi=(74)
cfn=(394) arrayDestroy
calls=1 -43 
* 974
+1 5
cfi=(74)
cfn=(294)
calls=1 -96 
* 1798564
* 1
+1 1
+29 3
cfi=(74)
cfn=(412)
calls=1 -66 
* 7
* 1
+1 2
+1 7000
cfi=(74)
cfn=(406) arraySet
calls=1000 -37 
* 1272816
-1 4003
+4 1
+5 3
cfn=(414)
calls=1 -80 
* 1182224
+1 1
+59 1
cfn=(374)
calls=1 90 
* 1626
+1 1
115 7
cob=(3)
cfi=(85)
cfn=(344)
calls=6 -81 
* 333
cob=(1)
cfi=(66)
cfn=(261)
calls=1 -51 
* 1257
* 11
* 21
228 3
cfi=(74)
cfn=(394)
calls=1 76 
* 245873
+2 1
+1 5

fl=(65)
fn=(278) 0x00000000004008a0
0 16

fn=(252)
0 11
cob=(1)
cfi=(66)
cfn=(260)
calls=1 64 
0 4589905
0 5

fn=(472) 0x0000000000400800
0 8

fn=(272)
0 15
cob=(2)
cfi=(16)
cfn=(274)
calls=1 0 
0 6
0 8
cfn=(278)
calls=1 0 
0 16
0 11

fn=(468)
0 5
cfn=(472)
calls=1 0 
0 8
0 3

fl=(74)
fn=(394)
76 8
+1 12
cfn=(395) arrayDestroy'2
calls=1 -1 
* 122873
+1 12
cfn=(395)
calls=1 -2 
* 122873
+1 6
cob=(3)
cfi=(75)
cfn=(400)
calls=1 2934 
* 100
cob=(1)
cfi=(66)
cfn=(261)
calls=1 -15 
* 951
* 6
+1 6

fn=(395)
76 7992
+1 11984
cfn=(395)
calls=998 -1 
* 963526
+1 11984
cfn=(395)
calls=998 -2 
* 991078
+1 5994
cob=(3)
cfi=(75)
cfn=(400)
calls=1998 2934 
* 199800
* 1998
+1 5994

fn=(412)
84 6
+1 4
+1 4

fn=(406)
115 12000
+1 10000
+3 10008
+11 12000
+1 2000
+1 4000
+1 3000
+1 6000
cfn=(407) arraySet'2
calls=1000 -19 
* 1071312
+1 4000
cfn=(408) leftCombine
calls=1000 +11 
* 322000
* 4000
+3 3000
+1 6000
cfn=(407)
calls=1000 -24 
* 1071312
* 1000
+6 4000

fn=(407)
115 119712
+1 99760
+3 115744
+2 4000
+1 6000
+4 2000
+4 107712
+1 17728
+1 35456
+1 26592
+1 53184
cfn=(407)
calls=8864 -19 
* 3361500
+1 35456
cfn=(408)
calls=8864 +11 
* 1353040
* 35456
+3 27264
+1 54528
cfn=(407)
calls=9088 -24 
* 3450332
* 9088
+6 39904

fn=(408)
146 49320
+1 39456
+3 3072
+2 53040
cfn=(409) leftCombine'2
calls=8840 -6 
* 1358096
* 53040
cfi=(73)
cfn=(410)
calls=8840 10 
* 79560
+4 39456

fn=(409)
146 223120
+1 178496
+3 26520
+2 214704
cfn=(409)
calls=35784 -6 
* 3420928
* 214704
cfi=(73)
cfn=(410)
calls=35784 10 
* 322056
+4 178496

fn=(404) arrayCreateR
48 14
+1 4
+1 4
cob=(3)
cfi=(75)
cfn=(300)
calls=2 2902 
* 390
* 2
* 2
+1 2
+1 8
+1 6
+1 8
+1 8
+1 4
+1 4
+1 6
+2 4
+6 20
cfn=(405) arrayCreateR'2
calls=2 -18 
* 256516
* 6
+1 36
cfn=(405)
calls=2 -19 
* 256516
* 6
+2 2
+3 4

fn=(405)
48 13972
+1 3992
+1 3992
cob=(3)
cfi=(75)
cfn=(300)
calls=1996 2902 
* 389220
* 1996
* 1996
+1 1996
+1 9096
+1 3336
+1 4448
+1 4448
+1 2224
+1 2224
+1 3336
+2 2224
-7 2652
+1 3536
+1 3536
+1 1768
+1 1768
+1 2652
+2 1768
+2 6000
+1 2000
+3 9960
cfn=(405)
calls=996 -18 
* 1752456
* 2988
+1 17928
cfn=(405)
calls=996 -19 
* 1809824
* 2988
+2 996
+3 3992

fn=(416)
162 6006
+1 5005
+1 2002
+2 2008
cfn=(417) arrayCombine'2
calls=1 -4 
* 606
* 1
+1 4000
+4 4000
+1 8000
+1 3000
cfn=(417)
calls=500 -11 
* 237848
* 500
+5 4000
cfn=(417)
calls=500 -16 
* 237848
* 3000
cfi=(73)
cfn=(410)
calls=500 10 
* 4500
+3 4004

fn=(417)
162 59922
+1 49935
+1 19974
+2 19974
+1 39948
+1 3003
+3 35944
+1 71888
+1 26592
cfn=(417)
calls=4432 -11 
* 1002504
* 4432
+5 36432
cfn=(417)
calls=4554 -16 
* 1028686
* 27324
cfi=(73)
cfn=(410)
calls=4554 10 
* 40986
+3 39948

fn=(294)
24 10
+2 4
cob=(3)
cfi=(75)
cfn=(300)
calls=1 2902 
* 104
cob=(1)
cfi=(66)
cfn=(261)
calls=1 +38 
* 59781
* 6
* 2
+1 8
+1 6
+1 10
+1 6
+1 4
+1 2
+1 9
+2 4
+1 6
+1 2
+3 9
cfn=(404)
calls=1 +8 
* 256786
* 3
+1 15
cfn=(404)
calls=1 +7 
* 256786
* 3
+1 2
+1 7000
cfn=(406)
calls=1000 +72 
* 1272816
-1 5004
+2 1
+2 4

totals: 4680147
